FRAME   ID  X   Y (0 is Leader, 1 is Follower)
1 0 639 667
1 1 630 676
1 2 494 402
2 0 639 667
2 1 630 676
2 2 495 402
3 0 639 667
3 1 630 675
3 2 497 402
4 0 639 667
4 1 630 674
4 2 498 402
5 0 640 667
5 1 630 675
5 2 500 402
6 0 641 667
6 1 630 674
6 2 502 402
7 0 641 667
7 1 630 674
7 2 503 402
8 0 642 667
8 1 630 674
8 2 504 401
9 0 644 667
9 1 630 674
9 2 507 400
10 0 644 667
10 1 630 673
10 2 508 401
11 0 645 667
11 1 630 672
11 2 510 400
12 0 645 666
12 1 630 672
12 2 511 401
13 0 646 667
13 1 630 671
13 2 512 400
14 0 647 665
14 1 631 669
14 2 515 401
15 0 646 665
15 1 630 668
15 2 515 400
16 0 647 665
16 1 632 668
16 2 517 401
17 0 646 665
17 1 633 667
17 2 518 401
18 0 647 665
18 1 633 665
18 2 520 401
19 0 646 665
19 1 633 664
19 2 522 401
20 0 647 665
20 1 634 664
20 2 523 401
21 0 646 665
21 1 635 664
21 2 524 402
22 0 646 665
22 1 635 664
22 2 526 403
23 0 646 665
23 1 635 664
23 2 527 402
24 0 646 665
24 1 635 664
24 2 528 404
25 0 646 664
25 1 635 664
25 2 530 404
26 0 646 665
26 1 635 664
26 2 531 405
27 0 646 664
27 1 635 664
27 2 531 405
28 0 646 664
28 1 635 664
28 2 532 405
29 0 646 663
29 1 635 664
29 2 533 405
30 0 646 662
30 1 635 664
30 2 533 405
31 0 646 662
31 1 635 664
31 2 534 406
32 0 646 662
32 1 635 664
32 2 535 407
33 0 646 661
33 1 635 664
33 2 536 407
34 0 645 662
34 1 635 664
34 2 538 408
35 0 644 663
35 1 635 664
35 2 539 410
36 0 645 662
36 1 635 664
36 2 538 410
37 0 644 662
37 1 635 664
37 2 539 412
38 0 645 661
38 1 635 664
38 2 539 413
39 0 645 659
39 1 635 664
39 2 539 413
40 0 645 658
40 1 635 664
40 2 540 415
41 0 646 658
41 1 636 665
41 2 541 416
42 0 647 658
42 1 637 665
42 2 540 418
43 0 646 657
43 1 638 666
43 2 541 419
44 0 647 656
44 1 639 667
44 2 541 420
45 0 646 656
45 1 639 667
45 2 541 422
46 0 647 656
46 1 640 667
46 2 541 423
47 0 646 656
47 1 642 668
47 2 541 423
48 0 647 656
48 1 643 669
48 2 541 424
49 0 646 656
49 1 644 669
49 2 542 426
50 0 647 655
50 1 645 669
50 2 543 427
51 0 646 654
51 1 644 669
51 2 542 428
52 0 647 654
52 1 645 669
52 2 543 429
53 0 646 654
53 1 644 669
53 2 542 429
54 0 647 654
54 1 645 669
54 2 542 430
55 0 646 654
55 1 645 669
55 2 542 432
56 0 647 654
56 1 645 669
56 2 542 433
57 0 646 654
57 1 644 668
57 2 542 433
58 0 647 654
58 1 645 669
58 2 541 434
59 0 646 654
59 1 645 668
59 2 540 436
60 0 647 654
60 1 644 668
60 2 541 437
61 0 646 654
61 1 645 667
61 2 540 437
62 0 647 654
62 1 644 665
62 2 541 437
63 0 646 654
63 1 645 665
63 2 540 438
64 0 647 654
64 1 644 664
64 2 541 440
65 0 646 654
65 1 645 664
65 2 540 441
66 0 647 653
66 1 644 663
66 2 540 442
67 0 646 652
67 1 644 662
67 2 539 444
68 0 647 653
68 1 644 661
68 2 538 445
69 0 646 652
69 1 644 661
69 2 538 445
70 0 646 652
70 1 643 661
70 2 537 446
71 0 646 652
71 1 643 661
71 2 536 448
72 0 646 652
72 1 643 661
72 2 536 449
73 0 646 652
73 1 643 660
73 2 535 450
74 0 646 651
74 1 643 660
74 2 534 451
75 0 646 650
75 1 643 660
75 2 535 451
76 0 646 651
76 1 643 660
76 2 534 452
77 0 646 650
77 1 643 660
77 2 535 454
78 0 646 650
78 1 643 660
78 2 534 456
79 0 646 650
79 1 643 660
79 2 534 457
80 0 647 649
80 1 643 659
80 2 534 458
81 0 646 648
81 1 644 657
81 2 534 460
82 0 647 648
82 1 645 657
82 2 534 460
83 0 647 647
83 1 644 656
83 2 534 461
84 0 647 646
84 1 645 656
84 2 533 462
85 0 647 646
85 1 645 655
85 2 532 463
86 0 647 645
86 1 645 654
86 2 533 463
87 0 648 644
87 1 645 654
87 2 532 464
88 0 649 644
88 1 645 653
88 2 532 466
89 0 649 643
89 1 646 651
89 2 533 467
90 0 649 641
90 1 647 650
90 2 532 467
91 0 650 639
91 1 647 650
91 2 533 468
92 0 651 639
92 1 648 649
92 2 532 469
93 0 650 638
93 1 649 647
93 2 533 469
94 0 651 637
94 1 648 646
94 2 533 470
95 0 650 636
95 1 649 646
95 2 533 471
96 0 650 635
96 1 649 645
96 2 534 471
97 0 649 634
97 1 649 644
97 2 535 472
98 0 648 635
98 1 649 644
98 2 535 473
99 0 648 634
99 1 649 644
99 2 535 473
100 0 647 634
100 1 649 644
100 2 536 474
101 0 646 634
101 1 649 643
101 2 537 475
102 0 645 634
102 1 649 642
102 2 537 476
103 0 644 634
103 1 648 643
103 2 537 478
104 0 645 634
104 1 649 642
104 2 538 479
105 0 644 634
105 1 648 642
105 2 539 479
106 0 644 634
106 1 648 642
106 2 539 481
107 0 644 634
107 1 648 642
107 2 539 481
108 0 644 633
108 1 647 642
108 2 539 482
109 0 643 631
109 1 646 641
109 2 539 484
110 0 642 630
110 1 646 639
110 2 540 486
111 0 642 630
111 1 645 638
111 2 541 487
112 0 642 628
112 1 644 638
112 2 541 487
113 0 642 628
113 1 644 637
113 2 541 488
114 0 642 626
114 1 643 635
114 2 541 490
115 0 642 625
115 1 642 633
115 2 541 491
116 0 642 624
116 1 643 633
116 2 540 491
117 0 642 624
117 1 642 633
117 2 541 492
118 0 642 624
118 1 642 633
118 2 540 494
119 0 642 624
119 1 642 633
119 2 540 496
120 0 642 624
120 1 642 633
120 2 540 497
121 0 642 624
121 1 642 633
121 2 539 498
122 0 643 624
122 1 642 633
122 2 538 500
123 0 642 623
123 1 642 633
123 2 539 502
124 0 643 622
124 1 642 633
124 2 538 503
125 0 643 622
125 1 643 632
125 2 538 503
126 0 643 622
126 1 642 632
126 2 538 504
127 0 644 621
127 1 643 632
127 2 537 506
128 0 645 619
128 1 643 630
128 2 536 508
129 0 645 618
129 1 643 629
129 2 536 509
130 0 645 618
130 1 643 628
130 2 535 509
131 0 645 618
131 1 643 628
131 2 534 510
132 0 645 617
132 1 644 627
132 2 534 512
133 0 645 616
133 1 645 625
133 2 534 513
134 0 645 616
134 1 644 624
134 2 533 513
135 0 645 616
135 1 645 625
135 2 532 514
136 0 645 615
136 1 644 624
136 2 533 516
137 0 645 614
137 1 645 624
137 2 532 517
138 0 645 614
138 1 644 624
138 2 532 518
139 0 645 614
139 1 645 624
139 2 532 520
140 0 645 613
140 1 645 623
140 2 532 521
141 0 646 611
141 1 645 622
141 2 532 522
142 0 647 610
142 1 645 621
142 2 532 524
143 0 646 610
143 1 645 619
143 2 532 525
144 0 647 609
144 1 645 618
144 2 532 525
145 0 646 607
145 1 645 618
145 2 532 526
146 0 647 607
146 1 645 618
146 2 533 527
147 0 647 606
147 1 645 617
147 2 533 528
148 0 647 606
148 1 646 616
148 2 533 529
149 0 648 606
149 1 647 615
149 2 533 529
150 0 650 606
150 1 646 614
150 2 533 529
151 0 650 606
151 1 647 614
151 2 534 530
152 0 651 605
152 1 646 614
152 2 535 531
153 0 650 604
153 1 647 614
153 2 534 531
154 0 651 604
154 1 647 613
154 2 535 531
155 0 650 603
155 1 647 612
155 2 534 531
156 0 650 601
156 1 648 611
156 2 535 532
157 0 650 600
157 1 649 610
157 2 534 533
158 0 650 600
158 1 648 610
158 2 535 533
159 0 650 600
159 1 649 610
159 2 534 534
160 0 650 599
160 1 649 609
160 2 534 536
161 0 650 597
161 1 649 607
161 2 534 537
162 0 650 596
162 1 649 606
162 2 534 537
163 0 650 596
163 1 649 606
163 2 534 539
164 0 650 596
164 1 649 605
164 2 534 539
165 0 650 595
165 1 649 604
165 2 533 541
166 0 650 594
166 1 649 604
166 2 532 542
167 0 650 594
167 1 649 603
167 2 532 544
168 0 650 593
168 1 649 601
168 2 531 546
169 0 650 592
169 1 649 600
169 2 530 547
170 0 650 592
170 1 649 600
170 2 530 547
171 0 651 591
171 1 649 599
171 2 529 548
172 0 650 589
172 1 650 598
172 2 528 549
173 0 652 588
173 1 651 598
173 2 527 550
174 0 653 588
174 1 651 597
174 2 528 549
175 0 653 587
175 1 651 596
175 2 528 548
176 0 653 586
176 1 651 596
176 2 527 549
177 0 653 586
177 1 652 595
177 2 525 549
178 0 654 585
178 1 653 594
178 2 524 550
179 0 654 584
179 1 652 594
179 2 523 551
180 0 653 583
180 1 650 598
180 2 520 551
181 0 653 583
181 1 650 597
181 2 519 552
182 0 653 583
182 1 650 596
182 2 518 553
183 0 653 582
183 1 651 595
183 2 517 554
184 0 654 582
184 1 650 594
184 2 515 555
185 0 655 581
185 1 652 593
185 2 513 555
186 0 655 579
186 1 652 592
186 2 512 556
187 0 655 578
187 1 653 592
187 2 512 557
188 0 656 577
188 1 652 592
188 2 510 557
189 0 657 576
189 1 653 591
189 2 508 557
190 0 656 575
190 1 653 590
190 2 507 557
191 0 657 574
191 1 653 590
191 2 504 558
192 0 656 574
192 1 653 589
192 2 503 559
193 0 657 573
193 1 653 588
193 2 501 559
194 0 656 572
194 1 653 588
194 2 499 559
195 0 657 572
195 1 653 588
195 2 497 560
196 0 656 571
196 1 653 587
196 2 496 561
197 0 657 570
197 1 653 585
197 2 495 560
198 0 656 570
198 1 653 584
198 2 493 561
199 0 657 570
199 1 652 584
199 2 491 561
200 0 656 570
200 1 653 584
200 2 489 560
201 0 657 569
201 1 652 584
201 2 488 560
202 0 656 568
202 1 653 584
202 2 487 559
203 0 657 567
203 1 652 583
203 2 485 558
204 0 656 566
204 1 653 581
204 2 484 558
205 0 656 565
205 1 652 580
205 2 484 558
206 0 656 564
206 1 653 580
206 2 484 557
207 0 656 564
207 1 652 579
207 2 483 556
208 0 656 563
208 1 653 578
208 2 480 556
209 0 656 561
209 1 653 577
209 2 480 556
210 0 656 561
210 1 653 576
210 2 479 556
211 0 656 561
211 1 653 576
211 2 477 555
212 0 655 560
212 1 654 574
212 2 476 554
213 0 654 561
213 1 655 573
213 2 475 554
214 0 655 560
214 1 654 572
214 2 474 554
215 0 654 560
215 1 655 571
215 2 473 554
216 0 654 560
216 1 655 570
216 2 472 554
217 0 654 560
217 1 655 570
217 2 472 554
218 0 654 560
218 1 655 570
218 2 472 555
219 0 654 560
219 1 655 570
219 2 472 555
220 0 654 560
220 1 655 570
220 2 471 555
221 0 654 559
221 1 655 570
221 2 470 556
222 0 654 558
222 1 656 570
222 2 470 557
223 0 654 558
223 1 657 569
223 2 470 557
224 0 654 558
224 1 656 568
224 2 470 558
225 0 654 558
225 1 657 568
225 2 470 559
226 0 653 557
226 1 656 568
226 2 470 559
227 0 652 556
227 1 656 567
227 2 470 559
228 0 652 556
228 1 657 566
228 2 470 559
229 0 652 556
229 1 656 566
229 2 470 559
230 0 651 555
230 1 657 565
230 2 470 559
231 0 650 554
231 1 656 563
231 2 470 559
232 0 650 555
232 1 656 563
232 2 469 559
233 0 649 554
233 1 656 563
233 2 468 559
234 0 648 555
234 1 656 563
234 2 469 559
235 0 648 554
235 1 656 562
235 2 468 559
236 0 648 555
236 1 656 563
236 2 468 559
237 0 647 554
237 1 655 562
237 2 468 559
238 0 646 555
238 1 654 562
238 2 468 559
239 0 646 554
239 1 654 562
239 2 468 559
240 0 646 554
240 1 654 562
240 2 468 559
241 0 645 554
241 1 653 561
241 2 468 559
242 0 644 553
242 1 651 559
242 2 468 558
243 0 644 552
243 1 650 559
243 2 468 559
244 0 643 552
244 1 650 558
244 2 468 558
245 0 642 552
245 1 649 558
245 2 468 558
246 0 641 551
246 1 647 558
246 2 468 558
247 0 640 550
247 1 647 558
247 2 468 558
248 0 641 551
248 1 647 558
248 2 468 558
249 0 640 550
249 1 647 558
249 2 468 558
250 0 640 551
250 1 647 558
250 2 467 558
251 0 640 550
251 1 647 558
251 2 467 558
252 0 639 551
252 1 647 558
252 2 466 558
253 0 638 551
253 1 646 558
253 2 467 558
254 0 638 550
254 1 647 558
254 2 466 558
255 0 637 551
255 1 645 557
255 2 467 558
256 0 635 550
256 1 644 556
256 2 466 558
257 0 635 550
257 1 644 556
257 2 466 558
258 0 635 550
258 1 644 556
258 2 466 558
259 0 635 550
259 1 644 556
259 2 466 558
260 0 622 547
260 1 643 556
260 2 466 558
261 0 621 546
261 1 642 555
261 2 466 558
262 0 620 547
262 1 642 554
262 2 466 558
263 0 620 546
263 1 642 555
263 2 466 558
264 0 620 546
264 1 641 553
264 2 466 558
265 0 620 546
265 1 639 553
265 2 466 558
266 0 620 546
266 1 638 552
266 2 466 558
267 0 620 546
267 1 638 552
267 2 466 558
268 0 619 545
268 1 637 551
268 2 466 558
269 0 618 544
269 1 636 550
269 2 466 558
270 0 618 543
270 1 636 550
270 2 466 558
271 0 617 541
271 1 635 550
271 2 466 558
272 0 616 540
272 1 633 549
272 2 466 558
273 0 616 540
273 1 632 547
273 2 466 558
274 0 615 539
274 1 632 547
274 2 466 558
275 0 614 537
275 1 631 546
275 2 466 558
276 0 614 536
276 1 629 547
276 2 466 558
277 0 614 536
277 1 627 546
277 2 466 558
278 0 613 535
278 1 626 546
278 2 466 558
279 0 612 533
279 1 626 546
279 2 466 558
280 0 612 533
280 1 625 546
280 2 466 558
281 0 612 532
281 1 624 546
281 2 466 558
282 0 612 532
282 1 624 546
282 2 466 558
283 0 612 532
283 1 623 545
283 2 466 558
284 0 612 531
284 1 622 544
284 2 466 558
285 0 612 529
285 1 622 544
285 2 466 558
286 0 612 529
286 1 621 543
286 2 466 558
287 0 612 529
287 1 620 542
287 2 466 558
288 0 612 528
288 1 620 542
288 2 466 558
289 0 612 529
289 1 620 542
289 2 466 558
290 0 612 528
290 1 620 542
290 2 465 558
291 0 612 527
291 1 620 541
291 2 465 558
292 0 613 525
292 1 620 539
292 2 464 558
293 0 612 524
293 1 620 538
293 2 465 558
294 0 613 524
294 1 620 538
294 2 464 558
295 0 612 523
295 1 620 537
295 2 464 558
296 0 613 521
296 1 620 536
296 2 464 558
297 0 612 519
297 1 620 536
297 2 464 558
298 0 613 518
298 1 619 535
298 2 464 558
299 0 612 517
299 1 618 533
299 2 464 558
300 0 613 515
300 1 619 532
300 2 463 558
301 0 612 514
301 1 618 532
301 2 462 558
302 0 613 514
302 1 619 530
302 2 463 558
303 0 613 514
303 1 618 529
303 2 462 558
304 0 613 513
304 1 619 527
304 2 463 559
305 0 613 512
305 1 618 526
305 2 462 558
306 0 614 512
306 1 619 526
306 2 463 559
307 0 615 511
307 1 619 525
307 2 462 558
308 0 614 510
308 1 620 523
308 2 462 559
309 0 615 511
309 1 621 522
309 2 462 558
310 0 614 510
310 1 622 522
310 2 462 559
311 0 615 510
311 1 624 521
311 2 462 558
312 0 614 510
312 1 625 519
312 2 462 559
313 0 615 510
313 1 625 518
313 2 462 558
314 0 614 510
314 1 626 518
314 2 462 559
315 0 615 510
315 1 627 518
315 2 462 558
316 0 614 510
316 1 627 518
316 2 462 559
317 0 615 509
317 1 627 517
317 2 462 558
318 0 615 508
318 1 627 516
318 2 462 559
319 0 615 508
319 1 627 516
319 2 462 558
320 0 615 508
320 1 627 516
320 2 462 559
321 0 615 508
321 1 627 516
321 2 462 558
322 0 615 508
322 1 627 516
322 2 462 559
323 0 615 508
323 1 627 517
323 2 462 558
324 0 615 508
324 1 627 516
324 2 462 559
325 0 615 508
325 1 627 517
325 2 462 559
326 0 615 508
326 1 627 516
326 2 462 559
327 0 615 507
327 1 627 517
327 2 462 559
328 0 615 506
328 1 627 516
328 2 462 559
329 0 615 506
329 1 627 517
329 2 462 559
330 0 614 506
330 1 627 516
330 2 462 559
331 0 615 506
331 1 627 517
331 2 462 559
332 0 614 504
332 1 627 516
332 2 462 559
333 0 614 503
333 1 626 516
333 2 462 559
334 0 614 501
334 1 627 516
334 2 462 559
335 0 614 500
335 1 625 515
335 2 462 559
336 0 614 501
336 1 624 514
336 2 462 559
337 0 614 500
337 1 623 514
337 2 462 558
338 0 614 501
338 1 622 514
338 2 462 559
339 0 614 500
339 1 621 513
339 2 462 558
340 0 614 500
340 1 619 511
340 2 462 559
341 0 614 500
341 1 618 510
341 2 462 558
342 0 614 500
342 1 618 510
342 2 462 559
343 0 614 500
343 1 618 510
343 2 462 559
344 0 614 500
344 1 617 510
344 2 462 559
345 0 614 499
345 1 616 510
345 2 462 559
346 0 614 498
346 1 616 509
346 2 462 559
347 0 613 498
347 1 616 508
347 2 462 559
348 0 613 498
348 1 615 508
348 2 462 559
349 0 612 497
349 1 614 508
349 2 462 559
350 0 613 495
350 1 614 507
350 2 462 559
351 0 612 494
351 1 614 505
351 2 462 559
352 0 613 494
352 1 613 504
352 2 462 559
353 0 612 493
353 1 612 504
353 2 462 559
354 0 612 491
354 1 612 503
354 2 462 559
355 0 613 490
355 1 612 502
355 2 462 559
356 0 612 490
356 1 612 502
356 2 462 559
357 0 613 489
357 1 612 502
357 2 462 559
358 0 613 487
358 1 612 501
358 2 462 559
359 0 613 486
359 1 612 499
359 2 462 559
360 0 614 486
360 1 612 499
360 2 462 559
361 0 615 485
361 1 612 498
361 2 462 559
362 0 615 483
362 1 613 497
362 2 462 559
363 0 616 482
363 1 613 495
363 2 462 559
364 0 617 482
364 1 613 494
364 2 462 558
365 0 617 482
365 1 614 494
365 2 462 559
366 0 617 481
366 1 615 494
366 2 462 558
367 0 618 480
367 1 615 493
367 2 462 559
368 0 619 480
368 1 616 491
368 2 462 558
369 0 619 480
369 1 617 491
369 2 462 558
370 0 619 479
370 1 617 490
370 2 462 558
371 0 620 477
371 1 617 490
371 2 462 558
372 0 621 477
372 1 618 489
372 2 462 557
373 0 621 475
373 1 619 488
373 2 462 556
374 0 621 474
374 1 618 488
374 2 462 557
375 0 622 474
375 1 619 487
375 2 462 556
376 0 623 472
376 1 619 486
376 2 462 557
377 0 623 471
377 1 619 486
377 2 462 556
378 0 623 469
378 1 620 485
378 2 462 557
379 0 624 468
379 1 621 483
379 2 462 556
380 0 625 468
380 1 621 481
380 2 462 557
381 0 624 467
381 1 621 480
381 2 462 556
382 0 625 465
382 1 622 480
382 2 462 557
383 0 625 465
383 1 623 478
383 2 462 556
384 0 625 465
384 1 623 478
384 2 462 556
385 0 625 464
385 1 623 478
385 2 462 556
386 0 625 465
386 1 623 478
386 2 462 556
387 0 625 464
387 1 624 477
387 2 462 556
388 0 625 464
388 1 625 476
388 2 462 556
389 0 625 464
389 1 624 477
389 2 462 556
390 0 625 463
390 1 625 476
390 2 462 556
391 0 624 461
391 1 625 475
391 2 462 556
392 0 624 460
392 1 625 474
392 2 462 556
393 0 624 460
393 1 626 474
393 2 462 556
394 0 624 460
394 1 627 473
394 2 462 556
395 0 623 459
395 1 627 471
395 2 462 556
396 0 622 458
396 1 627 471
396 2 462 556
397 0 622 459
397 1 627 471
397 2 462 556
398 0 622 458
398 1 627 471
398 2 462 556
399 0 622 459
399 1 627 470
399 2 462 556
400 0 622 459
400 1 627 471
400 2 462 556
401 0 622 459
401 1 627 470
401 2 462 556
402 0 622 459
402 1 627 470
402 2 462 556
403 0 622 459
403 1 627 470
403 2 462 556
404 0 622 459
404 1 627 470
404 2 462 557
405 0 622 460
405 1 627 470
405 2 462 557
406 0 622 461
406 1 627 470
406 2 462 557
407 0 622 461
407 1 627 470
407 2 462 557
408 0 622 461
408 1 627 470
408 2 462 557
409 0 622 461
409 1 627 470
409 2 462 557
410 0 622 462
410 1 627 470
410 2 462 557
411 0 622 463
411 1 627 470
411 2 462 556
412 0 622 462
412 1 627 470
412 2 462 557
413 0 622 463
413 1 627 470
413 2 462 557
414 0 622 463
414 1 627 470
414 2 462 557
415 0 622 463
415 1 627 470
415 2 462 557
416 0 622 463
416 1 627 469
416 2 462 557
417 0 622 462
417 1 626 467
417 2 462 557
418 0 621 462
418 1 627 466
418 2 462 557
419 0 619 461
419 1 625 466
419 2 462 557
