FRAME   ID  X   Y (0 is Leader, 1 is Follower)
901 0 684 410
901 1 674 401
901 2 961 411
902 0 685 411
902 1 674 401
902 2 962 411
903 0 684 411
903 1 674 401
903 2 964 411
904 0 686 412
904 1 674 401
904 2 966 411
905 0 686 414
905 1 674 401
905 2 967 410
906 0 687 416
906 1 674 401
906 2 967 410
907 0 686 416
907 1 673 401
907 2 967 410
908 0 687 417
908 1 672 401
908 2 968 409
909 0 687 417
909 1 673 402
909 2 969 408
910 0 687 417
910 1 672 403
910 2 969 408
911 0 687 417
911 1 673 402
911 2 970 407
912 0 687 417
912 1 672 403
912 2 972 405
913 0 688 417
913 1 673 402
913 2 973 404
914 0 689 417
914 1 673 402
914 2 973 404
915 0 689 418
915 1 673 402
915 2 974 403
916 0 690 419
916 1 673 402
916 2 975 402
917 0 691 419
917 1 673 402
917 2 975 401
918 0 691 419
918 1 673 402
918 2 975 400
919 0 692 420
919 1 673 402
919 2 975 399
920 0 693 421
920 1 673 402
920 2 975 398
921 0 693 421
921 1 673 402
921 2 976 397
922 0 694 421
922 1 673 402
922 2 977 396
923 0 695 421
923 1 673 402
923 2 976 396
924 0 694 421
924 1 673 402
924 2 977 395
925 0 695 421
925 1 673 402
925 2 977 393
926 0 695 421
926 1 673 402
926 2 977 393
927 0 695 421
927 1 673 402
927 2 977 391
928 0 695 421
928 1 673 402
928 2 978 390
929 0 695 421
929 1 673 402
929 2 978 390
930 0 695 421
930 1 673 402
930 2 978 390
931 0 695 421
931 1 673 402
931 2 978 389
932 0 695 421
932 1 673 402
932 2 978 388
933 0 695 421
933 1 673 402
933 2 978 388
934 0 696 421
934 1 673 402
934 2 978 388
935 0 697 420
935 1 673 402
935 2 978 388
936 0 697 421
936 1 673 402
936 2 978 388
937 0 697 420
937 1 673 402
937 2 978 387
938 0 697 421
938 1 673 402
938 2 978 386
939 0 697 420
939 1 673 402
939 2 979 387
940 0 697 421
940 1 673 402
940 2 979 386
941 0 697 420
941 1 673 402
941 2 980 387
942 0 697 421
942 1 673 402
942 2 981 387
943 0 697 420
943 1 673 402
943 2 982 387
944 0 697 420
944 1 673 402
944 2 983 387
945 0 697 420
945 1 673 402
945 2 984 387
946 0 697 420
946 1 673 402
946 2 985 387
947 0 697 420
947 1 673 402
947 2 986 388
948 0 697 420
948 1 673 402
948 2 987 390
949 0 697 420
949 1 673 402
949 2 988 392
950 0 696 420
950 1 673 402
950 2 989 393
951 0 697 420
951 1 673 402
951 2 989 393
952 0 696 420
952 1 673 402
952 2 990 394
953 0 697 420
953 1 673 402
953 2 991 396
954 0 696 420
954 1 673 402
954 2 992 398
955 0 697 420
955 1 673 402
955 2 993 399
956 0 696 420
956 1 673 402
956 2 994 400
957 0 697 420
957 1 673 402
957 2 995 401
958 0 696 420
958 1 673 402
958 2 996 403
959 0 697 420
959 1 673 402
959 2 997 404
960 0 696 420
960 1 673 402
960 2 996 405
961 0 697 420
961 1 673 402
961 2 997 407
962 0 696 420
962 1 673 402
962 2 997 409
963 0 697 420
963 1 673 402
963 2 997 411
964 0 696 420
964 1 673 402
964 2 996 412
965 0 697 420
965 1 673 402
965 2 996 414
966 0 697 420
966 1 673 402
966 2 996 416
967 0 697 420
967 1 673 402
967 2 995 418
968 0 697 419
968 1 673 402
968 2 994 419
969 0 697 418
969 1 673 402
969 2 994 419
970 0 698 419
970 1 673 402
970 2 994 421
971 0 699 418
971 1 674 401
971 2 994 421
972 0 698 419
972 1 675 400
972 2 994 423
973 0 699 418
973 1 674 401
973 2 993 424
974 0 699 418
974 1 675 400
974 2 992 426
975 0 699 418
975 1 674 401
975 2 992 427
976 0 699 418
976 1 675 400
976 2 992 427
977 0 699 418
977 1 674 401
977 2 991 427
978 0 699 418
978 1 675 400
978 2 990 428
979 0 699 418
979 1 674 401
979 2 990 430
980 0 699 418
980 1 675 400
980 2 989 431
981 0 699 418
981 1 674 401
981 2 988 431
982 0 699 418
982 1 675 400
982 2 987 433
983 0 699 418
983 1 674 401
983 2 986 435
984 0 699 418
984 1 675 400
984 2 986 436
985 0 699 418
985 1 674 401
985 2 986 437
986 0 699 418
986 1 674 401
986 2 986 437
987 0 699 418
987 1 674 401
987 2 987 438
988 0 699 418
988 1 674 401
988 2 986 440
989 0 699 418
989 1 674 401
989 2 987 441
990 0 699 418
990 1 674 401
990 2 987 441
991 0 699 418
991 1 675 401
991 2 987 443
992 0 699 418
992 1 674 401
992 2 987 444
993 0 699 418
993 1 675 401
993 2 988 446
994 0 699 418
994 1 675 402
994 2 989 448
995 0 699 418
995 1 675 403
995 2 989 449
996 0 699 418
996 1 675 403
996 2 989 449
997 0 699 418
997 1 675 403
997 2 990 450
998 0 699 418
998 1 675 404
998 2 991 452
999 0 699 418
999 1 675 405
999 2 991 454
1000 0 699 418
1000 1 675 406
1000 2 992 455
1001 0 699 419
1001 1 676 407
1001 2 993 455
1002 0 699 418
1002 1 677 407
1002 2 993 456
1003 0 699 419
1003 1 677 408
1003 2 993 458
1004 0 699 418
1004 1 678 409
1004 2 994 460
1005 0 699 419
1005 1 679 409
1005 2 995 461
1006 0 699 418
1006 1 679 410
1006 2 995 462
1007 0 699 419
1007 1 680 412
1007 2 995 464
1008 0 699 418
1008 1 682 413
1008 2 995 465
1009 0 699 419
1009 1 683 413
1009 2 995 466
1010 0 699 418
1010 1 683 413
1010 2 995 468
1011 0 699 419
1011 1 684 414
1011 2 994 468
1012 0 699 418
1012 1 686 415
1012 2 995 470
1013 0 699 419
1013 1 687 414
1013 2 994 471
1014 0 699 419
1014 1 686 415
1014 2 994 472
1015 0 699 419
1015 1 688 415
1015 2 994 474
1016 0 699 419
1016 1 691 417
1016 2 993 476
1017 0 699 419
1017 1 691 417
1017 2 992 477
1018 0 699 419
1018 1 690 417
1018 2 993 477
1019 0 699 420
1019 1 691 417
1019 2 991 479
1020 0 699 422
1020 1 691 418
1020 2 991 480
1021 0 699 423
1021 1 688 417
1021 2 991 482
1022 0 700 423
1022 1 689 417
1022 2 991 483
1023 0 702 425
1023 1 688 417
1023 2 990 483
1024 0 702 426
1024 1 689 417
1024 2 991 484
1025 0 702 427
1025 1 688 418
1025 2 990 486
1026 0 703 428
1026 1 689 419
1026 2 991 487
1027 0 702 429
1027 1 689 419
1027 2 990 488
1028 0 703 428
1028 1 690 419
1028 2 991 490
1029 0 702 429
1029 1 692 420
1029 2 989 491
1030 0 703 430
1030 1 693 421
1030 2 989 491
1031 0 703 431
1031 1 693 420
1031 2 989 493
1032 0 703 431
1032 1 694 421
1032 2 988 494
1033 0 703 431
1033 1 696 420
1033 2 988 496
1034 0 704 432
1034 1 697 421
1034 2 988 496
1035 0 705 434
1035 1 697 421
1035 2 987 497
1036 0 704 434
1036 1 698 422
1036 2 985 497
1037 0 705 434
1037 1 699 423
1037 2 984 498
1038 0 704 435
1038 1 699 423
1038 2 984 499
1039 0 706 435
1039 1 699 424
1039 2 982 499
1040 0 706 435
1040 1 699 425
1040 2 982 499
1041 0 707 437
1041 1 699 425
1041 2 981 500
1042 0 707 438
1042 1 699 425
1042 2 980 501
1043 0 707 439
1043 1 698 426
1043 2 979 501
1044 0 707 438
1044 1 698 427
1044 2 978 501
1045 0 707 439
1045 1 698 427
1045 2 977 501
1046 0 707 438
1046 1 698 427
1046 2 975 501
1047 0 707 439
1047 1 698 428
1047 2 974 501
1048 0 708 439
1048 1 699 430
1048 2 973 501
1049 0 710 440
1049 1 698 431
1049 2 971 501
1050 0 711 442
1050 1 700 431
1050 2 970 501
1051 0 712 444
1051 1 701 432
1051 2 969 501
1052 0 713 444
1052 1 700 433
1052 2 967 501
1053 0 713 445
1053 1 702 434
1053 2 965 501
1054 0 714 444
1054 1 703 435
1054 2 964 501
1055 0 715 445
1055 1 703 435
1055 2 963 501
1056 0 714 445
1056 1 703 435
1056 2 961 501
1057 0 715 445
1057 1 704 437
1057 2 960 501
1058 0 714 445
1058 1 705 438
1058 2 959 500
1059 0 715 445
1059 1 704 440
1059 2 957 501
1060 0 714 446
1060 1 705 440
1060 2 956 501
1061 0 715 447
1061 1 704 440
1061 2 956 502
1062 0 715 448
1062 1 705 440
1062 2 956 503
1063 0 716 450
1063 1 705 441
1063 2 956 503
1064 0 718 452
1064 1 706 441
1064 2 956 504
1065 0 718 453
1065 1 707 442
1065 2 956 505
1066 0 720 454
1066 1 706 443
1066 2 957 505
1067 0 721 456
1067 1 708 442
1067 2 958 505
1068 0 720 458
1068 1 709 444
1068 2 959 506
1069 0 721 459
1069 1 708 445
1069 2 959 507
1070 0 720 458
1070 1 710 444
1070 2 960 507
1071 0 721 459
1071 1 711 445
1071 2 961 508
1072 0 721 459
1072 1 711 445
1072 2 962 510
1073 0 721 460
1073 1 711 445
1073 2 963 510
1074 0 721 461
1074 1 710 445
1074 2 963 511
1075 0 721 461
1075 1 711 445
1075 2 964 512
1076 0 721 461
1076 1 710 446
1076 2 966 514
1077 0 722 462
1077 1 711 448
1077 2 967 515
1078 0 723 463
1078 1 710 449
1078 2 967 515
1079 0 723 463
1079 1 711 449
1079 2 968 516
1080 0 724 464
1080 1 710 450
1080 2 969 518
1081 0 725 464
1081 1 710 451
1081 2 969 519
1082 0 725 465
1082 1 710 451
1082 2 970 521
1083 0 725 464
1083 1 710 452
1083 2 971 522
1084 0 725 465
1084 1 711 454
1084 2 971 524
1085 0 725 464
1085 1 711 456
1085 2 971 526
1086 0 725 464
1086 1 712 457
1086 2 971 528
1087 0 726 464
1087 1 713 457
1087 2 971 529
1088 0 727 464
1088 1 713 458
1088 2 971 529
1089 0 727 464
1089 1 714 459
1089 2 971 531
1090 0 727 464
1090 1 716 459
1090 2 971 532
1091 0 728 464
1091 1 716 459
1091 2 971 534
1092 0 730 464
1092 1 716 459
1092 2 971 536
1093 0 731 464
1093 1 717 459
1093 2 971 537
1094 0 732 465
1094 1 717 459
1094 2 971 538
1095 0 734 465
1095 1 717 459
1095 2 971 540
1096 0 736 465
1096 1 717 459
1096 2 971 541
1097 0 737 466
1097 1 718 459
1097 2 971 542
1098 0 737 468
1098 1 719 459
1098 2 972 544
1099 0 737 468
1099 1 719 459
1099 2 973 545
1100 0 737 468
1100 1 720 459
1100 2 974 547
1101 0 737 468
1101 1 722 460
1101 2 975 547
1102 0 737 468
1102 1 723 461
1102 2 976 549
1103 0 738 469
1103 1 724 461
1103 2 977 550
1104 0 739 469
1104 1 726 461
1104 2 977 552
1105 0 739 469
1105 1 727 462
1105 2 978 553
1106 0 739 470
1106 1 727 463
1106 2 979 553
1107 0 739 471
1107 1 728 464
1107 2 980 555
1108 0 739 470
1108 1 728 465
1108 2 981 556
1109 0 739 471
1109 1 729 465
1109 2 981 558
1110 0 739 471
1110 1 728 465
1110 2 982 559
1111 0 740 472
1111 1 729 465
1111 2 984 559
1112 0 741 474
1112 1 728 465
1112 2 985 560
1113 0 742 476
1113 1 729 465
1113 2 984 562
1114 0 743 477
1114 1 728 465
1114 2 986 563
1115 0 743 478
1115 1 730 465
1115 2 987 563
1116 0 744 480
1116 1 731 465
1116 2 987 564
1117 0 746 482
1117 1 731 466
1117 2 987 566
1118 0 747 483
1118 1 732 468
1118 2 987 567
1119 0 746 483
1119 1 734 469
1119 2 988 567
1120 0 747 484
1120 1 736 469
1120 2 989 568
1121 0 747 486
1121 1 737 470
1121 2 988 570
1122 0 747 486
1122 1 736 472
1122 2 989 571
1123 0 748 486
1123 1 738 474
1123 2 988 571
1124 0 749 486
1124 1 738 475
1124 2 989 572
1125 0 748 486
1125 1 738 476
1125 2 988 574
1126 0 750 487
1126 1 738 477
1126 2 989 576
1127 0 751 487
1127 1 738 477
1127 2 988 577
1128 0 751 487
1128 1 739 477
1128 2 988 577
1129 0 751 487
1129 1 739 478
1129 2 988 578
1130 0 751 487
1130 1 740 479
1130 2 988 580
1131 0 751 487
1131 1 740 478
1131 2 988 581
1132 0 751 487
1132 1 741 479
1132 2 987 581
1133 0 751 487
1133 1 741 479
1133 2 987 581
1134 0 751 487
1134 1 741 479
1134 2 987 581
1135 0 751 488
1135 1 741 479
1135 2 987 581
1136 0 751 490
1136 1 741 479
1136 2 988 581
1137 0 752 491
1137 1 741 480
1137 2 989 580
1138 0 753 492
1138 1 741 481
1138 2 990 580
1139 0 753 494
1139 1 741 480
1139 2 991 580
1140 0 753 496
1140 1 742 481
1140 2 992 580
1141 0 753 498
1141 1 743 481
1141 2 994 580
1142 0 753 500
1142 1 742 482
1142 2 995 580
1143 0 753 502
1143 1 743 484
1143 2 996 580
1144 0 753 504
1144 1 743 485
1144 2 998 580
1145 0 752 506
1145 1 743 485
1145 2 1000 580
1146 0 752 507
1146 1 743 487
1146 2 1002 579
1147 0 752 507
1147 1 743 488
1147 2 1003 579
1148 0 751 508
1148 1 743 490
1148 2 1004 579
1149 0 749 510
1149 1 743 490
1149 2 1006 579
1150 0 749 511
1150 1 743 491
1150 2 1007 579
1151 0 748 511
1151 1 743 490
1151 2 1008 579
1152 0 749 511
1152 1 743 490
1152 2 1010 580
1153 0 748 512
1153 1 743 490
1153 2 1011 581
1154 0 749 512
1154 1 743 490
1154 2 1012 580
1155 0 748 512
1155 1 743 490
1155 2 1014 580
1156 0 749 512
1156 1 743 490
1156 2 1015 580
1157 0 748 512
1157 1 744 490
1157 2 1016 579
1158 0 749 512
1158 1 745 489
1158 2 1017 578
1159 0 748 512
1159 1 745 488
1159 2 1018 577
1160 0 749 512
1160 1 746 488
1160 2 1019 576
1161 0 748 512
1161 1 747 488
1161 2 1020 576
1162 0 749 513
1162 1 747 487
1162 2 1022 575
1163 0 748 513
1163 1 748 486
1163 2 1024 573
1164 0 749 513
1164 1 749 486
1164 2 1025 572
1165 0 748 513
1165 1 749 485
1165 2 1026 572
1166 0 749 513
1166 1 750 484
1166 2 1029 571
1167 0 748 513
1167 1 751 484
1167 2 1029 570
1168 0 749 513
1168 1 751 484
1168 2 1030 570
1169 0 749 513
1169 1 752 484
1169 2 1032 569
1170 0 749 513
1170 1 753 484
1170 2 1032 568
1171 0 749 513
1171 1 753 484
1171 2 1033 567
1172 0 749 513
1172 1 754 484
1172 2 1033 565
1173 0 749 513
1173 1 755 484
1173 2 1033 564
1174 0 749 513
1174 1 755 485
1174 2 1033 563
1175 0 749 513
1175 1 755 485
1175 2 1032 564
1176 0 749 513
1176 1 756 486
1176 2 1033 564
1177 0 749 513
1177 1 757 488
1177 2 1033 562
1178 0 749 513
1178 1 756 489
1178 2 1034 560
1179 0 749 513
1179 1 757 489
1179 2 1035 558
1180 0 749 513
1180 1 756 490
1180 2 1034 557
1181 0 749 513
1181 1 757 492
1181 2 1035 556
1182 0 749 513
1182 1 756 494
1182 2 1035 556
1183 0 749 513
1183 1 757 494
1183 2 1035 556
1184 0 749 513
1184 1 757 495
1184 2 1036 554
1185 0 749 513
1185 1 758 496
1185 2 1037 552
1186 0 749 513
1186 1 759 497
1186 2 1037 551
1187 0 749 513
1187 1 759 498
1187 2 1037 549
1188 0 749 513
1188 1 759 500
1188 2 1037 547
1189 0 749 513
1189 1 759 501
1189 2 1037 545
1190 0 749 513
1190 1 759 501
1190 2 1038 543
1191 0 749 513
1191 1 758 503
1191 2 1039 541
1192 0 749 513
1192 1 758 503
1192 2 1039 538
1193 0 749 513
1193 1 757 503
1193 2 1039 536
1194 0 749 513
1194 1 755 503
1194 2 1039 534
1195 0 749 513
1195 1 754 503
1195 2 1040 532
1196 0 750 514
1196 1 753 504
1196 2 1041 530
1197 0 751 515
1197 1 752 504
1197 2 1040 528
1198 0 751 515
1198 1 752 504
1198 2 1041 526
1199 0 751 515
1199 1 752 504
1199 2 1041 524
1200 0 752 516
1200 1 752 504
1200 2 1041 523
1201 0 753 517
1201 1 752 504
1201 2 1042 521
1202 0 754 518
1202 1 752 505
1202 2 1044 519
1203 0 755 519
1203 1 751 505
1203 2 1045 517
1204 0 755 519
1204 1 750 505
1204 2 1044 515
1205 0 756 520
1205 1 750 506
1205 2 1045 514
1206 0 757 521
1206 1 750 507
1206 2 1046 513
1207 0 757 521
1207 1 749 507
1207 2 1047 511
1208 0 757 521
1208 1 748 508
1208 2 1047 510
1209 0 757 521
1209 1 749 509
1209 2 1048 509
1210 0 757 521
1210 1 748 510
1210 2 1049 508
1211 0 757 521
1211 1 749 511
1211 2 1049 508
1212 0 757 521
1212 1 748 512
1212 2 1049 506
1213 0 757 521
1213 1 749 513
1213 2 1050 506
1214 0 757 521
1214 1 749 513
1214 2 1051 505
1215 0 758 522
1215 1 749 513
1215 2 1051 503
1216 0 759 523
1216 1 749 514
1216 2 1052 503
1217 0 760 524
1217 1 750 516
1217 2 1053 502
1218 0 762 526
1218 1 751 517
1218 2 1052 503
1219 0 763 528
1219 1 750 517
1219 2 1053 502
1220 0 764 529
1220 1 751 518
1220 2 1053 502
1221 0 765 529
1221 1 750 520
1221 2 1053 502
1222 0 765 530
1222 1 752 521
1222 2 1053 502
1223 0 766 531
1223 1 752 521
1223 2 1054 502
1224 0 767 531
1224 1 752 521
1224 2 1055 502
1225 0 767 531
1225 1 753 521
1225 2 1055 502
1226 0 767 532
1226 1 754 521
1226 2 1055 502
1227 0 767 532
1227 1 755 521
1227 2 1055 502
1228 0 767 533
1228 1 755 521
1228 2 1056 502
1229 0 767 532
1229 1 755 521
1229 2 1057 502
1230 0 767 533
1230 1 756 522
1230 2 1057 502
1231 0 767 532
1231 1 758 523
1231 2 1058 501
1232 0 767 533
1232 1 758 522
1232 2 1060 500
1233 0 768 533
1233 1 758 523
1233 2 1062 500
1234 0 770 533
1234 1 759 523
1234 2 1063 499
1235 0 771 535
1235 1 759 524
1235 2 1063 497
1236 0 771 536
1236 1 759 525
1236 2 1065 496
1237 0 772 538
1237 1 760 525
1237 2 1067 496
1238 0 773 539
1238 1 761 525
1238 2 1068 495
1239 0 774 540
1239 1 760 526
1239 2 1070 494
1240 0 775 541
1240 1 761 527
1240 2 1072 493
1241 0 775 541
1241 1 760 527
1241 2 1073 492
1242 0 775 541
1242 1 761 528
1242 2 1074 492
1243 0 775 541
1243 1 761 530
1243 2 1076 491
1244 0 775 541
1244 1 761 531
1244 2 1078 490
1245 0 775 541
1245 1 762 532
1245 2 1079 490
1246 0 776 542
1246 1 763 533
1246 2 1081 490
1247 0 777 543
1247 1 763 533
1247 2 1082 490
1248 0 776 542
1248 1 764 534
1248 2 1085 490
1249 0 777 543
1249 1 766 535
1249 2 1086 490
1250 0 776 542
1250 1 767 535
1250 2 1088 490
1251 0 777 543
1251 1 767 535
1251 2 1089 490
1252 0 777 543
1252 1 767 535
1252 2 1089 489
1253 0 777 544
1253 1 768 535
1253 2 1091 488
1254 0 778 546
1254 1 769 535
1254 2 1092 488
1255 0 780 547
1255 1 769 535
1255 2 1094 488
1256 0 781 548
1256 1 770 536
1256 2 1095 488
1257 0 781 550
1257 1 771 537
1257 2 1095 487
1258 0 782 552
1258 1 771 537
1258 2 1096 486
1259 0 783 553
1259 1 771 537
1259 2 1098 486
1260 0 784 555
1260 1 772 538
1260 2 1100 485
1261 0 785 556
1261 1 773 539
1261 2 1101 484
1262 0 785 557
1262 1 772 539
1262 2 1101 484
1263 0 785 557
1263 1 773 540
1263 2 1103 483
1264 0 785 558
1264 1 772 541
1264 2 1104 481
1265 0 785 559
1265 1 773 541
1265 2 1105 481
1266 0 785 559
1266 1 773 541
1266 2 1105 480
1267 0 786 560
1267 1 773 542
1267 2 1105 481
1268 0 787 561
1268 1 773 543
1268 2 1105 480
1269 0 786 561
1269 1 773 542
1269 2 1106 480
1270 0 787 561
1270 1 773 543
1270 2 1107 479
1271 0 787 561
1271 1 773 542
1271 2 1107 478
1272 0 787 561
1272 1 773 542
1272 2 1107 478
1273 0 787 561
1273 1 773 542
1273 2 1108 477
1274 0 787 561
1274 1 773 543
1274 2 1109 476
1275 0 787 561
1275 1 773 542
1275 2 1108 476
1276 0 788 561
1276 1 773 543
1276 2 1109 476
1277 0 789 561
1277 1 773 543
1277 2 1109 475
1278 0 789 561
1278 1 773 543
1278 2 1110 473
1279 0 790 562
1279 1 773 543
1279 2 1111 471
1280 0 791 563
1280 1 773 543
1280 2 1111 470
1281 0 791 562
1281 1 773 543
1281 2 1111 469
1282 0 791 563
1282 1 773 543
1282 2 1112 467
1283 0 791 562
1283 1 773 543
1283 2 1113 466
1284 0 791 563
1284 1 773 542
1284 2 1112 465
1285 0 791 562
1285 1 773 543
1285 2 1113 463
1286 0 791 563
1286 1 773 543
1286 2 1113 462
1287 0 791 562
1287 1 773 543
1287 2 1113 461
1288 0 791 563
1288 1 773 543
1288 2 1114 459
1289 0 791 562
1289 1 773 543
1289 2 1115 458
1290 0 791 563
1290 1 773 543
1290 2 1114 458
1291 0 791 562
1291 1 773 543
1291 2 1114 458
1292 0 791 563
1292 1 773 543
1292 2 1114 459
1293 0 791 562
1293 1 773 543
1293 2 1114 458
1294 0 791 563
1294 1 773 543
1294 2 1114 459
1295 0 791 562
1295 1 773 543
1295 2 1114 458
1296 0 791 563
1296 1 773 543
1296 2 1114 459
1297 0 791 562
1297 1 773 543
1297 2 1114 458
1298 0 791 563
1298 1 773 543
1298 2 1114 459
1299 0 791 562
1299 1 773 543
1299 2 1114 458
1300 0 791 563
1300 1 773 543
1300 2 1114 459
1301 0 791 563
1301 1 773 544
1301 2 1114 458
1302 0 791 563
1302 1 773 545
1302 2 1114 459
1303 0 791 563
1303 1 773 544
1303 2 1114 458
1304 0 791 563
1304 1 773 545
1304 2 1114 459
1305 0 791 563
1305 1 773 545
1305 2 1114 458
1306 0 791 563
1306 1 773 545
1306 2 1114 459
1307 0 791 563
1307 1 773 545
1307 2 1114 458
1308 0 791 563
1308 1 774 545
1308 2 1114 459
1309 0 791 563
1309 1 775 545
1309 2 1114 458
1310 0 791 563
1310 1 775 545
1310 2 1113 458
1311 0 791 563
1311 1 775 546
1311 2 1112 458
1312 0 791 563
1312 1 774 547
1312 2 1113 458
1313 0 791 563
1313 1 775 547
1313 2 1112 457
1314 0 791 563
1314 1 774 547
1314 2 1112 455
1315 0 791 563
1315 1 774 547
1315 2 1112 455
1316 0 791 563
1316 1 774 547
1316 2 1111 454
1317 0 791 563
1317 1 774 547
1317 2 1110 454
1318 0 791 563
1318 1 774 547
1318 2 1110 453
1319 0 791 563
1319 1 773 548
1319 2 1110 451
1320 0 791 563
1320 1 771 549
1320 2 1109 450
1321 0 791 563
1321 1 770 549
1321 2 1108 450
1322 0 791 563
1322 1 770 549
1322 2 1108 449
1323 0 791 563
1323 1 770 549
1323 2 1107 447
1324 0 791 563
1324 1 770 549
1324 2 1105 445
1325 0 791 563
1325 1 769 549
1325 2 1104 445
1326 0 791 563
1326 1 767 550
1326 2 1104 443
1327 0 791 563
1327 1 767 551
1327 2 1104 442
1328 0 791 563
1328 1 766 551
1328 2 1103 441
1329 0 791 563
1329 1 766 551
1329 2 1100 439
1330 0 791 563
1330 1 765 552
1330 2 1100 437
1331 0 791 563
1331 1 762 554
1331 2 1099 436
1332 0 791 563
1332 1 762 555
1332 2 1097 435
1333 0 791 563
1333 1 761 555
1333 2 1096 433
1334 0 791 563
1334 1 759 556
1334 2 1096 431
1335 0 791 563
1335 1 758 558
1335 2 1095 429
1336 0 791 563
1336 1 758 559
1336 2 1093 428
1337 0 791 563
1337 1 758 560
1337 2 1091 428
1338 0 791 563
1338 1 758 562
1338 2 1090 426
1339 0 791 563
1339 1 758 563
1339 2 1090 424
1340 0 791 563
1340 1 758 564
1340 2 1088 422
1341 0 791 563
1341 1 759 566
1341 2 1087 421
1342 0 791 563
1342 1 759 566
1342 2 1085 419
1343 0 791 563
1343 1 760 567
1343 2 1084 417
1344 0 791 563
1344 1 761 568
1344 2 1083 416
1345 0 791 563
1345 1 762 569
1345 2 1081 416
1346 0 791 563
1346 1 764 569
1346 2 1079 414
1347 0 791 563
1347 1 766 570
1347 2 1077 412
1348 0 791 563
1348 1 767 571
1348 2 1076 411
1349 0 791 563
1349 1 769 571
1349 2 1075 409
1350 0 791 563
1350 1 770 570
1350 2 1072 407
1351 0 791 563
1351 1 772 571
1351 2 1071 406
1352 0 791 563
1352 1 773 570
1352 2 1069 406
1353 0 791 563
1353 1 775 570
1353 2 1068 405
1354 0 791 563
1354 1 776 570
1354 2 1067 403
1355 0 791 563
1355 1 777 570
1355 2 1065 402
1356 0 791 563
1356 1 777 570
1356 2 1063 402
1357 0 791 563
1357 1 777 570
1357 2 1061 400
1358 0 791 563
1358 1 778 569
1358 2 1059 399
1359 0 792 563
1359 1 780 568
1359 2 1058 397
1360 0 792 563
1360 1 780 568
1360 2 1057 396
1361 0 793 564
1361 1 780 568
1361 2 1055 396
1362 0 793 565
1362 1 780 568
1362 2 1053 394
1363 0 793 565
1363 1 781 568
1363 2 1053 394
1364 0 794 566
1364 1 780 568
1364 2 1052 393
1365 0 796 567
1365 1 781 567
1365 2 1051 391
1366 0 797 567
1366 1 781 566
1366 2 1049 389
1367 0 797 568
1367 1 782 567
1367 2 1048 388
1368 0 797 569
1368 1 784 565
1368 2 1048 387
1369 0 797 568
1369 1 785 565
1369 2 1047 385
1370 0 797 569
1370 1 785 565
1370 2 1045 384
1371 0 797 568
1371 1 785 565
1371 2 1044 383
1372 0 797 569
1372 1 785 565
1372 2 1044 381
1373 0 797 569
1373 1 786 565
1373 2 1043 379
1374 0 797 569
1374 1 787 565
1374 2 1041 378
1375 0 797 569
1375 1 787 565
1375 2 1040 377
1376 0 797 569
1376 1 787 565
1376 2 1040 375
1377 0 798 570
1377 1 788 565
1377 2 1039 374
1378 0 799 571
1378 1 790 566
1378 2 1037 374
1379 0 799 572
1379 1 790 567
1379 2 1036 373
1380 0 800 574
1380 1 790 566
1380 2 1035 371
1381 0 802 575
1381 1 791 567
1381 2 1034 371
1382 0 803 575
1382 1 790 566
1382 2 1035 370
1383 0 803 577
1383 1 791 567
1383 2 1034 371
1384 0 803 577
1384 1 791 566
1384 2 1035 370
1385 0 803 577
1385 1 792 567
1385 2 1034 371
1386 0 803 577
1386 1 793 567
1386 2 1035 370
1387 0 803 577
1387 1 793 567
1387 2 1034 371
1388 0 803 577
1388 1 793 567
1388 2 1035 370
1389 0 803 577
1389 1 793 567
1389 2 1034 371
1390 0 803 577
1390 1 794 567
1390 2 1035 370
1391 0 803 577
1391 1 795 568
1391 2 1034 371
1392 0 803 577
1392 1 795 569
1392 2 1035 370
1393 0 803 577
1393 1 795 568
1393 2 1034 370
1394 0 803 577
1394 1 795 569
1394 2 1035 370
1395 0 803 578
1395 1 795 569
1395 2 1034 370
1396 0 804 579
1396 1 796 571
1396 2 1035 370
1397 0 805 579
1397 1 797 571
1397 2 1034 370
1398 0 805 580
1398 1 797 572
1398 2 1035 370
1399 0 806 582
1399 1 797 573
1399 2 1034 370
1400 0 807 584
1400 1 797 573
1400 2 1035 370
1401 0 807 585
1401 1 798 574
1401 2 1034 370
1402 0 808 586
1402 1 799 575
1402 2 1035 370
1403 0 809 587
1403 1 799 575
1403 2 1034 370
1404 0 808 587
1404 1 799 576
1404 2 1035 370
1405 0 809 587
1405 1 800 578
1405 2 1034 369
1406 0 808 587
1406 1 801 579
1406 2 1035 368
1407 0 809 587
1407 1 801 578
1407 2 1033 368
1408 0 808 587
1408 1 801 579
1408 2 1033 368
1409 0 809 587
1409 1 802 578
1409 2 1032 367
1410 0 809 587
1410 1 803 579
1410 2 1032 365
1411 0 809 587
1411 1 802 578
1411 2 1032 364
1412 0 810 587
1412 1 803 579
1412 2 1031 364
1413 0 811 588
1413 1 803 579
1413 2 1030 364
1414 0 812 590
1414 1 803 579
1414 2 1031 364
1415 0 814 592
1415 1 804 580
1415 2 1030 364
1416 0 815 592
1416 1 805 581
1416 2 1030 364
1417 0 816 594
1417 1 804 581
1417 2 1030 364
1418 0 818 594
1418 1 805 581
1418 2 1030 364
1419 0 819 595
1419 1 805 581
1419 2 1029 365
1420 0 818 594
1420 1 805 582
1420 2 1028 365
1421 0 819 595
1421 1 805 584
1421 2 1027 365
1422 0 819 594
1422 1 805 585
1422 2 1026 366
1423 0 819 595
1423 1 805 585
1423 2 1026 367
1424 0 819 594
1424 1 805 585
1424 2 1025 367
1425 0 819 595
1425 1 805 585
1425 2 1024 368
1426 0 819 594
1426 1 805 586
1426 2 1025 369
1427 0 819 595
1427 1 805 587
1427 2 1024 368
1428 0 820 594
1428 1 806 587
1428 2 1025 369
1429 0 821 595
1429 1 807 587
1429 2 1025 368
1430 0 820 594
1430 1 807 588
1430 2 1024 368
1431 0 821 595
1431 1 808 589
1431 2 1024 368
1432 0 820 594
1432 1 809 589
1432 2 1024 368
1433 0 821 595
1433 1 809 589
1433 2 1023 368
1434 0 822 595
1434 1 810 589
1434 2 1022 369
1435 0 824 595
1435 1 811 589
1435 2 1022 368
