FRAME   ID  X   Y (0 is Leader, 1 is Follower)
1201 0 753 520
1201 1 757 505
1201 2 435 378
1202 0 754 521
1202 1 757 505
1202 2 436 379
1203 0 756 521
1203 1 757 505
1203 2 438 379
1204 0 756 521
1204 1 756 506
1204 2 439 379
1205 0 757 522
1205 1 756 508
1205 2 439 379
1206 0 756 523
1206 1 755 509
1206 2 440 379
1207 0 757 523
1207 1 754 509
1207 2 441 380
1208 0 757 523
1208 1 754 510
1208 2 441 381
1209 0 757 523
1209 1 754 511
1209 2 441 380
1210 0 757 523
1210 1 754 511
1210 2 442 381
1211 0 757 523
1211 1 754 511
1211 2 443 381
1212 0 757 523
1212 1 754 511
1212 2 442 381
1213 0 757 523
1213 1 754 511
1213 2 443 381
1214 0 757 523
1214 1 754 511
1214 2 443 382
1215 0 758 524
1215 1 754 511
1215 2 443 383
1216 0 760 526
1216 1 754 511
1216 2 443 383
1217 0 761 527
1217 1 754 511
1217 2 443 383
1218 0 762 528
1218 1 754 512
1218 2 443 383
1219 0 764 530
1219 1 754 514
1219 2 442 383
1220 0 765 532
1220 1 754 515
1220 2 442 383
1221 0 765 532
1221 1 755 516
1221 2 441 384
1222 0 765 533
1222 1 754 517
1222 2 440 386
1223 0 766 533
1223 1 755 517
1223 2 440 387
1224 0 768 533
1224 1 755 517
1224 2 440 387
1225 0 768 533
1225 1 755 517
1225 2 440 389
1226 0 768 534
1226 1 756 517
1226 2 440 390
1227 0 768 535
1227 1 757 517
1227 2 440 392
1228 0 768 534
1228 1 757 517
1228 2 440 393
1229 0 768 535
1229 1 757 517
1229 2 440 394
1230 0 768 534
1230 1 757 517
1230 2 440 396
1231 0 768 535
1231 1 757 517
1231 2 440 397
1232 0 768 535
1232 1 757 517
1232 2 441 397
1233 0 769 535
1233 1 757 517
1233 2 441 399
1234 0 769 536
1234 1 758 517
1234 2 441 400
1235 0 770 538
1235 1 759 517
1235 2 442 402
1236 0 772 539
1236 1 759 518
1236 2 444 404
1237 0 773 540
1237 1 759 518
1237 2 444 405
1238 0 773 542
1238 1 760 519
1238 2 445 405
1239 0 774 543
1239 1 761 519
1239 2 444 407
1240 0 775 543
1240 1 761 519
1240 2 445 407
1241 0 775 543
1241 1 761 519
1241 2 445 408
1242 0 775 543
1242 1 762 520
1242 2 446 409
1243 0 775 544
1243 1 763 522
1243 2 448 409
1244 0 776 545
1244 1 763 523
1244 2 449 409
1245 0 777 544
1245 1 763 523
1245 2 448 409
1246 0 776 545
1246 1 763 524
1246 2 449 409
1247 0 777 544
1247 1 764 526
1247 2 449 409
1248 0 776 545
1248 1 765 527
1248 2 449 409
1249 0 777 544
1249 1 765 527
1249 2 450 409
1250 0 777 545
1250 1 766 528
1250 2 451 409
1251 0 777 545
1251 1 767 529
1251 2 451 409
1252 0 777 545
1252 1 767 529
1252 2 452 409
1253 0 778 546
1253 1 767 529
1253 2 453 409
1254 0 779 548
1254 1 768 529
1254 2 454 409
1255 0 780 550
1255 1 769 529
1255 2 456 409
1256 0 781 551
1256 1 769 529
1256 2 458 409
1257 0 781 552
1257 1 770 530
1257 2 459 408
1258 0 782 554
1258 1 772 531
1258 2 459 409
1259 0 784 556
1259 1 773 531
1259 2 460 408
1260 0 785 558
1260 1 773 531
1260 2 461 409
1261 0 784 559
1261 1 773 531
1261 2 462 409
1262 0 786 559
1262 1 773 532
1262 2 463 409
1263 0 786 560
1263 1 773 533
1263 2 463 409
1264 0 786 561
1264 1 774 533
1264 2 464 409
1265 0 786 561
1265 1 775 534
1265 2 465 409
1266 0 786 562
1266 1 774 535
1266 2 465 409
1267 0 786 563
1267 1 775 535
1267 2 465 409
1268 0 787 563
1268 1 774 535
1268 2 466 409
1269 0 786 563
1269 1 775 535
1269 2 468 409
1270 0 787 563
1270 1 774 535
1270 2 469 409
1271 0 787 563
1271 1 775 535
1271 2 469 409
1272 0 787 563
1272 1 774 535
1272 2 470 409
1273 0 787 563
1273 1 775 535
1273 2 472 409
1274 0 787 563
1274 1 774 535
1274 2 472 409
1275 0 787 563
1275 1 775 535
1275 2 473 409
1276 0 788 563
1276 1 774 535
1276 2 473 409
1277 0 789 563
1277 1 775 535
1277 2 473 409
1278 0 789 563
1278 1 774 535
1278 2 474 409
1279 0 790 564
1279 1 775 535
1279 2 476 409
1280 0 792 565
1280 1 774 535
1280 2 476 410
1281 0 792 564
1281 1 775 535
1281 2 477 411
1282 0 792 565
1282 1 774 535
1282 2 476 410
1283 0 792 564
1283 1 775 535
1283 2 477 411
1284 0 792 565
1284 1 774 535
1284 2 477 410
1285 0 792 564
1285 1 775 535
1285 2 477 411
1286 0 792 565
1286 1 774 536
1286 2 478 410
1287 0 792 564
1287 1 775 537
1287 2 479 411
1288 0 792 565
1288 1 774 537
1288 2 479 410
1289 0 792 564
1289 1 774 537
1289 2 480 411
1290 0 792 565
1290 1 774 537
1290 2 481 411
1291 0 792 564
1291 1 774 537
1291 2 481 411
1292 0 792 565
1292 1 774 537
1292 2 482 412
1293 0 792 564
1293 1 774 537
1293 2 484 414
1294 0 792 565
1294 1 774 537
1294 2 485 414
1295 0 792 564
1295 1 774 537
1295 2 486 415
1296 0 792 565
1296 1 774 537
1296 2 488 415
1297 0 792 564
1297 1 774 537
1297 2 488 415
1298 0 792 565
1298 1 774 537
1298 2 489 416
1299 0 792 564
1299 1 774 537
1299 2 490 418
1300 0 792 565
1300 1 774 537
1300 2 491 418
1301 0 792 564
1301 1 774 537
1301 2 492 419
1302 0 792 565
1302 1 774 537
1302 2 493 418
1303 0 792 564
1303 1 774 537
1303 2 494 419
1304 0 792 565
1304 1 774 537
1304 2 495 418
1305 0 792 565
1305 1 774 537
1305 2 495 418
1306 0 792 565
1306 1 775 538
1306 2 496 418
1307 0 792 565
1307 1 774 539
1307 2 498 418
1308 0 792 565
1308 1 775 538
1308 2 500 417
1309 0 792 565
1309 1 775 539
1309 2 501 417
1310 0 792 565
1310 1 775 539
1310 2 502 416
1311 0 792 565
1311 1 775 539
1311 2 504 416
1312 0 792 565
1312 1 775 539
1312 2 505 416
1313 0 792 565
1313 1 775 539
1313 2 506 416
1314 0 792 565
1314 1 774 540
1314 2 508 416
1315 0 792 565
1315 1 775 541
1315 2 510 416
1316 0 792 565
1316 1 774 540
1316 2 511 416
1317 0 792 565
1317 1 774 541
1317 2 511 415
1318 0 792 565
1318 1 774 541
1318 2 512 414
1319 0 792 565
1319 1 773 541
1319 2 514 413
1320 0 792 565
1320 1 771 542
1320 2 515 411
1321 0 792 565
1321 1 770 543
1321 2 515 411
1322 0 792 565
1322 1 770 543
1322 2 516 410
1323 0 792 565
1323 1 770 543
1323 2 518 410
1324 0 792 565
1324 1 770 543
1324 2 519 409
1325 0 792 565
1325 1 769 543
1325 2 519 407
1326 0 792 565
1326 1 768 543
1326 2 520 406
1327 0 792 565
1327 1 768 544
1327 2 521 406
1328 0 792 565
1328 1 768 545
1328 2 521 405
1329 0 792 565
1329 1 766 545
1329 2 522 403
1330 0 792 565
1330 1 765 545
1330 2 523 402
1331 0 792 565
1331 1 763 546
1331 2 523 402
1332 0 792 565
1332 1 761 548
1332 2 524 401
1333 0 792 565
1333 1 760 549
1333 2 525 399
1334 0 793 565
1334 1 760 550
1334 2 525 398
1335 0 792 565
1335 1 759 552
1335 2 526 397
1336 0 793 565
1336 1 757 553
1336 2 527 396
1337 0 792 565
1337 1 757 553
1337 2 526 396
1338 0 793 565
1338 1 757 555
1338 2 527 396
1339 0 792 565
1339 1 757 556
1339 2 527 395
1340 0 793 565
1340 1 757 558
1340 2 527 394
1341 0 792 565
1341 1 758 559
1341 2 528 394
1342 0 793 565
1342 1 760 559
1342 2 529 394
1343 0 792 565
1343 1 760 560
1343 2 529 393
1344 0 793 565
1344 1 761 562
1344 2 529 392
1345 0 792 565
1345 1 762 563
1345 2 530 393
1346 0 793 565
1346 1 764 563
1346 2 531 392
1347 0 792 565
1347 1 766 563
1347 2 531 393
1348 0 793 565
1348 1 767 564
1348 2 531 392
1349 0 792 565
1349 1 768 565
1349 2 532 393
1350 0 793 565
1350 1 771 564
1350 2 533 392
1351 0 792 565
1351 1 772 564
1351 2 534 392
1352 0 793 565
1352 1 774 564
1352 2 535 392
1353 0 792 565
1353 1 776 564
1353 2 536 391
1354 0 793 565
1354 1 777 564
1354 2 537 390
1355 0 792 565
1355 1 777 563
1355 2 537 390
1356 0 793 565
1356 1 777 562
1356 2 538 389
1357 0 792 565
1357 1 778 562
1357 2 540 387
1358 0 793 565
1358 1 779 562
1358 2 541 386
1359 0 792 565
1359 1 779 562
1359 2 541 385
1360 0 793 565
1360 1 779 562
1360 2 541 384
1361 0 793 566
1361 1 779 562
1361 2 542 383
1362 0 793 567
1362 1 779 562
1362 2 543 381
1363 0 794 567
1363 1 780 561
1363 2 543 380
1364 0 796 568
1364 1 781 560
1364 2 543 380
1365 0 797 569
1365 1 781 560
1365 2 543 379
1366 0 796 569
1366 1 781 560
1366 2 544 377
1367 0 798 570
1367 1 782 560
1367 2 545 376
1368 0 798 571
1368 1 784 560
1368 2 544 376
1369 0 798 570
1369 1 785 560
1369 2 545 376
1370 0 798 571
1370 1 785 560
1370 2 545 375
1371 0 798 571
1371 1 785 560
1371 2 545 374
1372 0 798 571
1372 1 785 560
1372 2 546 374
1373 0 798 571
1373 1 786 560
1373 2 547 374
1374 0 798 571
1374 1 787 560
1374 2 547 373
1375 0 798 571
1375 1 787 560
1375 2 548 372
1376 0 798 571
1376 1 787 560
1376 2 550 372
1377 0 799 573
1377 1 788 560
1377 2 551 371
1378 0 799 574
1378 1 789 560
1378 2 551 370
1379 0 799 575
1379 1 789 561
1379 2 551 370
1380 0 801 576
1380 1 789 560
1380 2 552 370
1381 0 801 578
1381 1 790 561
1381 2 553 370
1382 0 802 579
1382 1 791 560
1382 2 552 370
1383 0 804 579
1383 1 791 561
1383 2 553 370
1384 0 804 579
1384 1 791 560
1384 2 552 370
1385 0 804 579
1385 1 792 561
1385 2 553 370
1386 0 804 579
1386 1 793 561
1386 2 553 370
1387 0 804 579
1387 1 793 561
1387 2 553 370
1388 0 804 579
1388 1 793 561
1388 2 553 371
1389 0 804 579
1389 1 793 561
1389 2 554 371
1390 0 804 579
1390 1 794 561
1390 2 555 371
1391 0 804 579
1391 1 795 562
1391 2 555 372
1392 0 804 579
1392 1 795 563
1392 2 555 374
1393 0 804 579
1393 1 795 563
1393 2 556 376
1394 0 804 579
1394 1 795 563
1394 2 557 377
1395 0 804 580
1395 1 795 564
1395 2 557 379
1396 0 805 581
1396 1 796 566
1396 2 557 380
1397 0 805 582
1397 1 797 566
1397 2 557 382
1398 0 805 583
1398 1 796 567
1398 2 557 384
1399 0 806 584
1399 1 797 566
1399 2 557 386
1400 0 807 586
1400 1 797 568
1400 2 557 388
1401 0 807 588
1401 1 797 569
1401 2 557 390
1402 0 808 589
1402 1 797 569
1402 2 557 392
1403 0 809 589
1403 1 798 569
1403 2 557 394
1404 0 808 589
1404 1 799 570
1404 2 557 396
1405 0 809 589
1405 1 799 573
1405 2 557 398
1406 0 808 589
1406 1 800 573
1406 2 557 399
1407 0 809 589
1407 1 801 573
1407 2 558 401
1408 0 808 589
1408 1 801 573
1408 2 559 403
1409 0 809 589
1409 1 801 573
1409 2 559 404
1410 0 809 588
1410 1 801 573
1410 2 559 406
1411 0 809 589
1411 1 801 573
1411 2 559 408
1412 0 810 589
1412 1 801 573
1412 2 560 410
1413 0 812 590
1413 1 802 573
1413 2 561 412
1414 0 813 592
1414 1 803 574
1414 2 561 414
1415 0 814 593
1415 1 803 575
1415 2 562 416
1416 0 816 593
1416 1 803 575
1416 2 563 417
1417 0 817 594
1417 1 803 575
1417 2 563 417
1418 0 817 596
1418 1 803 575
1418 2 564 419
1419 0 818 596
1419 1 804 575
1419 2 565 421
1420 0 819 596
1420 1 805 576
1420 2 565 423
1421 0 819 596
1421 1 805 578
1421 2 566 425
1422 0 819 596
1422 1 805 579
1422 2 568 426
1423 0 820 596
1423 1 805 579
1423 2 568 428
1424 0 821 596
1424 1 805 579
1424 2 569 430
1425 0 820 596
1425 1 805 580
1425 2 569 432
1426 0 821 596
1426 1 805 581
1426 2 570 433
1427 0 820 596
1427 1 805 581
1427 2 571 433
1428 0 821 596
1428 1 805 581
1428 2 571 435
1429 0 821 596
1429 1 806 582
1429 2 572 437
1430 0 821 596
1430 1 807 583
1430 2 573 438
1431 0 821 596
1431 1 807 583
1431 2 573 440
1432 0 821 596
1432 1 808 584
1432 2 573 442
1433 0 822 596
1433 1 809 585
1433 2 574 444
1434 0 823 597
1434 1 809 584
1434 2 575 445
1435 0 824 597
1435 1 810 585
1435 2 574 444
1436 0 825 597
1436 1 810 584
1436 2 575 446
1437 0 826 598
1437 1 811 585
1437 2 575 447
1438 0 828 599
1438 1 811 585
1438 2 575 447
1439 0 829 598
1439 1 811 585
1439 2 575 448
1440 0 830 599
1440 1 812 586
1440 2 575 450
1441 0 831 599
1441 1 814 587
1441 2 575 451
1442 0 831 599
1442 1 815 587
1442 2 575 451
1443 0 831 599
1443 1 816 589
1443 2 575 451
1444 0 832 599
1444 1 818 590
1444 2 575 451
1445 0 834 599
1445 1 819 591
1445 2 575 452
1446 0 834 599
1446 1 819 591
1446 2 575 453
1447 0 835 599
1447 1 820 592
1447 2 575 453
1448 0 835 599
1448 1 821 593
1448 2 575 453
1449 0 836 599
1449 1 821 593
1449 2 575 454
1450 0 837 599
1450 1 822 593
1450 2 576 456
1451 0 838 599
1451 1 823 593
1451 2 577 457
1452 0 840 599
1452 1 823 593
1452 2 577 457
1453 0 841 599
1453 1 824 593
1453 2 577 458
1454 0 842 599
1454 1 826 593
1454 2 578 459
1455 0 843 599
1455 1 827 593
1455 2 580 460
1456 0 844 599
1456 1 827 593
1456 2 581 461
1457 0 845 599
1457 1 828 593
1457 2 581 461
1458 0 844 599
1458 1 830 593
1458 2 582 463
1459 0 846 598
1459 1 831 593
1459 2 584 463
1460 0 846 599
1460 1 831 594
1460 2 585 464
1461 0 847 598
1461 1 831 595
1461 2 586 466
1462 0 847 598
1462 1 831 594
1462 2 588 466
1463 0 847 598
1463 1 832 595
1463 2 589 467
1464 0 848 598
1464 1 834 594
1464 2 589 467
1465 0 850 597
1465 1 835 595
1465 2 591 467
1466 0 850 596
1466 1 835 595
1466 2 592 468
1467 0 850 597
1467 1 835 595
1467 2 594 470
1468 0 850 596
1468 1 836 595
1468 2 595 471
1469 0 850 597
1469 1 837 595
1469 2 596 471
1470 0 850 596
1470 1 836 595
1470 2 597 471
1471 0 850 597
1471 1 837 595
1471 2 597 471
1472 0 850 596
1472 1 837 595
1472 2 598 471
1473 0 850 597
1473 1 837 595
1473 2 600 472
1474 0 851 596
1474 1 837 595
1474 2 602 473
1475 0 850 597
1475 1 837 595
1475 2 603 473
1476 0 852 596
1476 1 838 594
1476 2 603 472
1477 0 853 596
1477 1 839 595
1477 2 603 473
1478 0 854 595
1478 1 839 594
1478 2 604 472
1479 0 856 594
1479 1 840 595
1479 2 606 472
1480 0 857 594
1480 1 841 594
1480 2 606 472
1481 0 857 594
1481 1 842 595
1481 2 606 471
1482 0 857 594
1482 1 844 594
1482 2 607 469
1483 0 857 594
1483 1 845 595
1483 2 607 469
1484 0 858 594
1484 1 845 594
1484 2 608 468
1485 0 859 593
1485 1 846 595
1485 2 609 467
1486 0 858 593
1486 1 847 594
1486 2 609 466
1487 0 859 592
1487 1 847 594
1487 2 609 465
1488 0 859 593
1488 1 847 594
1488 2 609 464
1489 0 859 592
1489 1 847 594
1489 2 609 464
1490 0 860 592
1490 1 847 594
1490 2 610 463
1491 0 861 591
1491 1 848 594
1491 2 611 462
1492 0 861 590
1492 1 849 594
1492 2 610 461
1493 0 862 590
1493 1 849 594
1493 2 611 459
1494 0 863 590
1494 1 849 594
1494 2 611 458
1495 0 862 590
1495 1 849 594
1495 2 612 458
1496 0 863 590
1496 1 850 593
1496 2 613 457
1497 0 862 590
1497 1 851 592
1497 2 613 455
1498 0 863 589
1498 1 851 592
1498 2 614 455
1499 0 863 588
1499 1 851 592
1499 2 616 454
1500 0 863 589
1500 1 851 592
1500 2 617 454
1501 0 863 588
1501 1 851 592
1501 2 617 453
1502 0 863 589
1502 1 852 591
1502 2 618 452
1503 0 863 588
1503 1 853 590
1503 2 620 452
1504 0 864 589
1504 1 852 591
1504 2 621 452
1505 0 865 588
1505 1 853 590
1505 2 621 451
1506 0 865 588
1506 1 853 590
1506 2 621 450
1507 0 865 588
1507 1 853 590
1507 2 621 451
1508 0 866 587
1508 1 853 590
1508 2 621 450
1509 0 867 586
1509 1 853 590
1509 2 621 451
1510 0 867 586
1510 1 854 590
1510 2 621 450
1511 0 868 586
1511 1 855 589
1511 2 621 451
1512 0 869 586
1512 1 855 588
1512 2 621 450
1513 0 868 586
1513 1 855 589
1513 2 622 451
1514 0 869 586
1514 1 855 588
1514 2 623 450
1515 0 869 585
1515 1 856 588
1515 2 623 451
1516 0 869 584
1516 1 858 588
1516 2 624 450
1517 0 869 585
1517 1 858 587
1517 2 625 451
1518 0 870 584
1518 1 859 586
1518 2 626 451
1519 0 871 584
1519 1 859 587
1519 2 628 451
1520 0 871 584
1520 1 859 586
1520 2 628 451
1521 0 872 584
1521 1 860 586
1521 2 629 451
1522 0 874 584
1522 1 861 586
1522 2 629 451
1523 0 875 584
1523 1 861 586
1523 2 629 451
1524 0 875 584
1524 1 861 586
1524 2 630 451
1525 0 876 584
1525 1 861 586
1525 2 631 451
1526 0 878 584
1526 1 861 586
1526 2 630 451
1527 0 878 584
1527 1 861 586
1527 2 631 451
1528 0 878 584
1528 1 861 586
1528 2 631 451
1529 0 878 584
1529 1 862 585
1529 2 632 452
1530 0 879 584
1530 1 864 584
1530 2 633 453
1531 0 878 584
1531 1 865 584
1531 2 634 453
1532 0 879 584
1532 1 864 584
1532 2 635 453
1533 0 879 585
1533 1 866 583
1533 2 635 453
1534 0 879 584
1534 1 867 582
1534 2 636 454
1535 0 879 585
1535 1 867 582
1535 2 637 455
1536 0 879 584
1536 1 867 582
1536 2 638 455
1537 0 879 585
1537 1 867 582
1537 2 640 456
1538 0 880 585
1538 1 867 582
1538 2 640 457
1539 0 881 585
1539 1 867 582
1539 2 641 457
1540 0 880 585
1540 1 868 582
1540 2 641 457
1541 0 881 585
1541 1 869 582
1541 2 642 458
1542 0 881 586
1542 1 868 582
1542 2 643 459
1543 0 882 587
1543 1 869 582
1543 2 643 458
1544 0 883 587
1544 1 869 582
1544 2 644 459
1545 0 883 588
1545 1 869 582
1545 2 646 458
1546 0 883 590
1546 1 870 582
1546 2 647 459
1547 0 884 590
1547 1 871 582
1547 2 646 458
1548 0 885 590
1548 1 871 582
1548 2 647 459
1549 0 884 590
1549 1 872 582
1549 2 647 458
1550 0 885 591
1550 1 873 582
1550 2 647 459
1551 0 884 590
1551 1 873 582
1551 2 648 458
1552 0 885 591
1552 1 874 582
1552 2 649 459
1553 0 885 591
1553 1 875 582
1553 2 648 458
1554 0 885 591
1554 1 874 582
1554 2 649 458
1555 0 885 591
1555 1 875 582
1555 2 649 458
1556 0 885 592
1556 1 874 582
1556 2 650 458
1557 0 886 594
1557 1 875 582
1557 2 651 457
1558 0 887 594
1558 1 875 582
1558 2 651 456
1559 0 887 595
1559 1 875 582
1559 2 652 457
1560 0 887 595
1560 1 875 582
1560 2 654 456
1561 0 887 595
1561 1 875 582
1561 2 655 457
1562 0 887 595
1562 1 875 582
1562 2 655 456
1563 0 887 595
1563 1 876 583
1563 2 655 456
1564 0 888 596
1564 1 878 583
1564 2 655 456
1565 0 889 597
1565 1 879 583
1565 2 656 456
1566 0 888 596
1566 1 879 584
1566 2 657 456
1567 0 888 596
1567 1 879 585
1567 2 656 456
1568 0 888 596
1568 1 880 586
1568 2 657 456
1569 0 888 596
1569 1 881 587
1569 2 657 456
1570 0 889 596
1570 1 881 586
1570 2 657 456
1571 0 888 596
1571 1 881 587
1571 2 657 456
1572 0 889 596
1572 1 881 586
1572 2 657 456
1573 0 888 596
1573 1 881 587
1573 2 657 456
1574 0 889 596
1574 1 881 586
1574 2 657 456
1575 0 888 596
1575 1 881 587
1575 2 657 456
1576 0 889 596
1576 1 881 586
1576 2 657 456
1577 0 888 595
1577 1 881 587
1577 2 657 456
1578 0 888 594
1578 1 881 586
1578 2 658 456
1579 0 888 594
1579 1 881 587
1579 2 659 456
1580 0 888 594
1580 1 881 586
1580 2 658 456
1581 0 888 594
1581 1 881 587
1581 2 659 456
1582 0 888 594
1582 1 881 586
1582 2 659 455
1583 0 888 595
1583 1 881 587
1583 2 660 454
1584 0 887 594
1584 1 881 586
1584 2 661 455
1585 0 886 595
1585 1 881 587
1585 2 661 453
1586 0 887 595
1586 1 882 587
1586 2 662 453
1587 0 886 596
1587 1 883 588
1587 2 663 453
1588 0 887 598
1588 1 883 589
1588 2 662 453
1589 0 887 599
1589 1 884 590
1589 2 663 453
1590 0 888 600
1590 1 885 591
1590 2 662 453
1591 0 889 601
1591 1 885 592
1591 2 663 453
1592 0 889 601
1592 1 885 593
1592 2 663 453
1593 0 890 602
1593 1 885 593
1593 2 663 453
1594 0 891 603
1594 1 886 594
1594 2 663 453
1595 0 891 602
1595 1 887 595
1595 2 664 452
1596 0 891 603
1596 1 886 594
1596 2 665 453
1597 0 892 602
1597 1 887 595
1597 2 664 452
1598 0 894 603
1598 1 887 595
1598 2 666 452
1599 0 895 602
1599 1 887 595
1599 2 666 452
1600 0 895 603
1600 1 888 596
1600 2 666 452
1601 0 895 602
1601 1 889 597
1601 2 667 451
1602 0 896 602
1602 1 888 596
1602 2 666 450
1603 0 896 602
1603 1 889 597
1603 2 667 450
1604 0 896 602
1604 1 889 597
1604 2 667 450
1605 0 896 602
1605 1 889 597
1605 2 667 449
1606 0 896 602
1606 1 889 597
1606 2 668 448
1607 0 897 602
1607 1 889 597
1607 2 669 448
1608 0 896 602
1608 1 889 597
1608 2 669 448
1609 0 897 602
1609 1 889 597
1609 2 669 448
1610 0 897 602
1610 1 889 597
1610 2 669 448
1611 0 897 602
1611 1 890 597
1611 2 669 448
1612 0 898 602
1612 1 891 597
1612 2 670 447
1613 0 899 602
1613 1 891 597
1613 2 671 446
1614 0 899 602
1614 1 891 597
1614 2 670 447
1615 0 900 602
1615 1 892 598
1615 2 671 446
1616 0 901 602
1616 1 894 599
1616 2 670 447
1617 0 901 602
1617 1 895 598
1617 2 671 446
1618 0 902 602
1618 1 895 599
1618 2 671 447
1619 0 904 601
1619 1 896 598
1619 2 671 446
1620 0 905 600
1620 1 898 598
1620 2 672 447
1621 0 905 601
1621 1 899 598
1621 2 673 446
1622 0 906 601
1622 1 899 598
1622 2 673 446
1623 0 908 601
1623 1 900 598
1623 2 674 446
1624 0 909 601
1624 1 902 598
1624 2 676 446
1625 0 910 602
1625 1 903 598
1625 2 676 446
1626 0 911 603
1626 1 903 598
1626 2 677 445
1627 0 910 603
1627 1 903 598
1627 2 677 444
1628 0 911 604
1628 1 904 598
1628 2 678 445
1629 0 910 605
1629 1 905 598
1629 2 679 444
1630 0 911 605
1630 1 904 598
1630 2 679 444
1631 0 910 605
1631 1 906 599
1631 2 680 444
1632 0 911 606
1632 1 906 598
1632 2 681 444
1633 0 910 608
1633 1 907 599
1633 2 680 444
1634 0 910 608
1634 1 906 599
1634 2 681 444
1635 0 910 608
1635 1 907 599
1635 2 681 444
1636 0 910 608
1636 1 906 599
1636 2 681 444
1637 0 911 608
1637 1 907 600
1637 2 681 444
1638 0 911 609
1638 1 906 601
1638 2 682 443
1639 0 911 608
1639 1 907 600
1639 2 683 442
1640 0 912 609
1640 1 907 601
1640 2 683 442
1641 0 913 609
1641 1 907 601
1641 2 683 442
1642 0 913 610
1642 1 908 602
1642 2 683 442
1643 0 913 611
1643 1 909 603
1643 2 683 442
1644 0 914 611
1644 1 910 604
1644 2 683 441
1645 0 916 612
1645 1 911 605
1645 2 684 440
1646 0 917 614
1646 1 911 605
1646 2 684 439
1647 0 916 615
1647 1 912 606
1647 2 684 438
1648 0 917 615
1648 1 913 607
1648 2 684 438
1649 0 917 616
1649 1 913 607
1649 2 684 437
