FRAME   ID  X   Y (0 is Leader, 1 is Follower)
201 0 631 508
202 0 630 508
203 0 629 507
204 0 628 506
205 0 627 506
206 0 626 505
207 0 624 504
208 0 623 504
209 0 622 504
210 0 621 504
211 0 620 503
212 0 619 503
213 0 618 503
214 0 617 502
215 0 616 502
216 0 615 501
217 0 614 500
218 0 613 499
219 0 612 499
220 0 612 498
221 0 612 497
222 0 611 496
223 0 611 495
224 0 611 494
225 0 611 494
226 0 611 493
227 0 611 492
228 0 611 492
229 0 611 492
230 0 611 492
231 0 611 493
232 0 611 494
233 0 611 496
234 0 611 497
235 0 611 498
236 0 611 499
237 0 611 500
238 0 612 501
239 0 612 503
240 0 612 504
241 0 612 505
242 0 611 506
243 0 611 507
244 0 610 508
245 0 610 509
246 0 609 510
247 0 609 511
248 0 608 512
249 0 608 513
250 0 608 514
251 0 607 516
252 0 607 517
253 0 606 519
254 0 606 520
255 0 606 521
256 0 606 521
257 0 606 522
258 0 605 523
259 0 604 525
260 0 604 525
261 0 603 526
262 0 603 527
263 0 602 528
264 0 602 529
265 0 601 530
266 0 600 531
267 0 599 531
268 0 598 532
269 0 598 532
270 0 597 533
271 0 596 534
272 0 596 534
273 0 596 534
274 0 595 534
275 0 594 534
276 0 593 535
277 0 592 536
278 0 592 536
279 0 591 537
280 0 590 538
281 0 589 538
282 0 588 539
283 0 587 539
284 0 586 539
285 0 585 539
286 0 583 539
287 0 582 540
288 0 581 540
289 0 580 539
290 0 579 539
291 0 578 539
292 0 577 539
293 0 576 539
294 0 574 539
295 0 573 539
296 0 572 539
297 0 571 539
298 0 570 539
299 0 569 539
300 0 569 539
301 0 569 539
302 0 569 538
303 0 569 538
304 0 569 538
305 0 569 538
306 0 568 537
307 0 567 537
308 0 567 537
309 0 566 537
310 0 565 536
311 0 564 536
312 0 563 536
313 0 562 535
314 0 562 535
315 0 561 535
316 0 560 534
317 0 559 534
318 0 558 533
319 0 557 533
320 0 556 532
321 0 556 532
322 0 555 531
323 0 554 531
324 0 553 531
325 0 552 531
326 0 552 531
327 0 552 531
328 0 551 530
329 0 550 530
330 0 549 530
331 0 548 530
332 0 547 530
333 0 547 530
334 0 547 530
335 0 546 530
336 0 546 530
337 0 546 530
338 0 545 530
339 0 544 530
340 0 544 530
341 0 543 530
342 0 541 531
343 0 541 532
344 0 540 532
345 0 539 533
346 0 538 534
347 0 538 535
348 0 537 536
349 0 537 537
350 0 536 537
351 0 536 537
352 0 536 537
353 0 535 537
354 0 535 537
355 0 535 537
356 0 534 537
357 0 533 538
358 0 532 539
359 0 531 539
360 0 530 540
361 0 529 540
362 0 528 540
363 0 527 541
364 0 526 541
365 0 525 541
366 0 524 541
367 0 524 541
368 0 523 541
369 0 522 541
370 0 521 541
371 0 520 541
372 0 520 541
373 0 519 541
374 0 518 541
375 0 517 541
376 0 516 541
377 0 515 541
378 0 514 540
379 0 513 540
380 0 513 540
381 0 512 540
382 0 511 540
383 0 510 540
384 0 509 540
385 0 509 540
386 0 508 540
387 0 507 540
388 0 507 540
389 0 506 540
390 0 505 540
391 0 505 540
392 0 504 540
393 0 504 540
394 0 503 540
395 0 502 540
396 0 502 540
397 0 502 540
398 0 501 540
399 0 500 540
400 0 500 540
401 0 499 540
402 0 499 540
403 0 498 540
404 0 497 541
405 0 497 541
406 0 496 541
407 0 496 541
408 0 495 541
409 0 495 541
410 0 494 542
411 0 494 542
412 0 494 542
413 0 493 542
414 0 493 542
415 0 492 543
416 0 491 543
417 0 491 543
418 0 491 543
419 0 491 543
420 0 489 544
421 0 488 544
422 0 487 544
423 0 487 545
424 0 486 545
425 0 485 545
426 0 484 546
427 0 484 546
428 0 483 546
429 0 481 547
430 0 480 547
431 0 480 547
432 0 480 547
433 0 479 547
434 0 479 547
435 0 479 547
436 0 478 548
437 0 478 548
438 0 478 548
439 0 477 548
440 0 477 549
441 0 477 549
442 0 477 549
443 0 477 549
444 0 477 549
445 0 477 549
446 0 477 549
447 0 477 549
448 0 477 549
449 0 477 549
450 0 477 549
451 0 477 549
452 0 477 549
453 0 477 549
454 0 477 549
455 0 477 549
456 0 477 549
457 0 477 549
458 0 477 549
459 0 477 549
460 0 477 549
461 0 477 549
462 0 478 549
463 0 478 549
464 0 478 549
465 0 478 549
466 0 478 549
467 0 477 549
468 0 477 549
469 0 477 549
470 0 477 549
471 0 476 549
472 0 476 550
473 0 476 550
474 0 476 550
475 0 476 550
476 0 476 550
477 0 476 550
478 0 476 550
479 0 476 550
480 0 476 550
481 0 476 550
482 0 475 550
483 0 475 550
484 0 475 550
485 0 475 550
486 0 475 550
487 0 475 550
488 0 475 550
489 0 475 550
490 0 475 550
491 0 475 550
492 0 475 550
493 0 475 550
494 0 475 550
495 0 475 550
496 0 475 550
497 0 475 550
498 0 475 550
499 0 475 550
500 0 475 550
501 0 475 550
502 0 475 550
503 0 474 550
504 0 474 550
505 0 474 550
506 0 474 550
507 0 474 550
508 0 474 550
509 0 474 550
510 0 474 550
511 0 474 550
512 0 473 550
513 0 473 550
514 0 472 550
515 0 471 550
516 0 471 550
517 0 471 550
518 0 471 550
519 0 471 550
520 0 471 550
521 0 471 550
522 0 470 551
523 0 470 551
524 0 470 551
525 0 470 551
526 0 470 551
527 0 470 552
528 0 470 552
529 0 469 552
530 0 470 552
531 0 469 552
532 0 469 552
533 0 469 553
534 0 469 553
535 0 469 553
536 0 469 553
537 0 469 553
538 0 469 554
539 0 469 554
540 0 469 554
541 0 468 555
542 0 468 556
543 0 468 556
544 0 467 557
545 0 467 558
546 0 467 558
547 0 467 558
548 0 467 558
549 0 467 558
550 0 467 558
551 0 467 558
552 0 467 558
553 0 466 559
554 0 466 559
555 0 466 560
556 0 466 560
557 0 466 560
558 0 466 560
559 0 466 561
560 0 466 561
561 0 466 561
562 0 466 561
563 0 466 561
564 0 466 561
565 0 466 561
566 0 466 561
567 0 466 561
568 0 466 562
569 0 466 562
570 0 466 562
571 0 466 562
572 0 466 562
573 0 466 563
574 0 466 563
575 0 466 563
576 0 466 563
577 0 466 563
578 0 466 564
579 0 466 564
580 0 466 564
581 0 466 565
582 0 466 567
583 0 466 567
584 0 466 568
585 0 465 569
586 0 464 570
587 0 464 570
588 0 464 570
589 0 464 571
590 0 464 571
591 0 465 571
592 0 465 571
593 0 465 571
594 0 465 571
595 0 465 571
596 0 465 571
597 0 465 571
598 0 465 571
599 0 465 571
600 0 465 571
601 0 465 571
602 0 465 571
603 0 465 571
604 0 465 572
605 0 465 572
606 0 465 572
607 0 465 573
608 0 465 573
609 0 465 574
610 0 465 574
611 0 465 574
612 0 465 574
613 0 465 574
614 0 465 574
615 0 465 574
616 0 465 574
617 0 465 573
618 0 465 572
619 0 465 570
620 0 465 569
621 0 465 569
622 0 465 569
623 0 465 568
624 0 465 568
625 0 465 567
626 0 465 567
627 0 465 567
628 0 465 566
629 0 465 566
630 0 465 566
631 0 465 566
