FRAME   ID  X   Y (0 is Leader, 1 is Follower)
256 0 607 522
256 1 863 414
256 2 867 396
256 3 992 515
256 4 1027 552
257 0 607 523
257 1 864 414
257 2 867 395
257 3 992 513
257 4 1028 551
258 0 606 524
258 1 865 413
258 2 867 394
258 3 992 512
258 4 1028 551
259 0 605 525
259 1 866 413
259 2 867 393
259 3 993 511
259 4 1029 551
260 0 605 526
260 1 866 413
260 2 868 391
260 3 994 509
260 4 1030 550
261 0 604 527
261 1 867 412
261 2 869 388
261 3 994 508
261 4 1030 550
262 0 604 527
262 1 868 411
262 2 869 387
262 3 994 506
262 4 1030 550
263 0 603 528
263 1 868 410
263 2 868 387
263 3 994 504
263 4 1031 550
264 0 602 530
264 1 868 409
264 2 868 385
264 3 995 502
264 4 1029 551
265 0 601 531
265 1 869 408
265 2 867 386
265 3 996 501
265 4 1029 551
266 0 601 531
266 1 869 406
266 2 867 385
266 3 995 499
266 4 1029 551
267 0 599 532
267 1 869 405
267 2 867 386
267 3 996 498
267 4 1029 551
268 0 599 533
268 1 869 405
268 2 866 385
268 3 996 496
268 4 1029 550
269 0 598 533
269 1 869 404
269 2 866 386
269 3 996 494
269 4 1030 550
270 0 598 533
270 1 869 404
270 2 865 385
270 3 995 493
270 4 1030 550
271 0 596 534
271 1 869 404
271 2 864 385
271 3 995 492
271 4 1030 550
272 0 596 534
272 1 869 404
272 2 863 384
272 3 995 490
272 4 1030 550
273 0 596 535
273 1 869 404
273 2 862 383
273 3 995 489
273 4 1030 550
201 0 634 508
201 1 832 448
201 2 840 433
201 3 931 556
201 4 1029 550
202 0 632 507
202 1 832 448
202 2 840 433
202 3 932 556
202 4 1029 550
203 0 632 507
203 1 833 448
203 2 840 433
203 3 934 556
203 4 1029 550
204 0 630 506
204 1 833 447
204 2 840 433
204 3 934 556
204 4 1029 550
205 0 629 505
205 1 834 446
205 2 840 433
205 3 933 556
205 4 1029 550
206 0 628 504
206 1 834 446
206 2 840 433
206 3 937 556
206 4 1029 550
207 0 627 504
207 1 834 446
207 2 841 433
207 3 939 556
207 4 1029 550
208 0 626 503
208 1 834 445
208 2 842 432
208 3 937 556
208 4 1029 550
209 0 625 503
209 1 834 445
209 2 842 432
209 3 941 555
209 4 1029 550
210 0 623 502
210 1 833 446
210 2 845 430
210 3 941 555
210 4 1029 550
211 0 622 502
211 1 833 445
211 2 846 429
211 3 942 555
211 4 1029 550
212 0 621 502
212 1 833 444
212 2 847 428
212 3 944 554
212 4 1029 550
213 0 620 501
213 1 833 444
213 2 848 427
213 3 947 553
213 4 1029 550
214 0 619 501
214 1 834 443
214 2 849 426
214 3 949 551
214 4 1029 550
215 0 619 501
215 1 834 442
215 2 851 426
215 3 950 550
215 4 1029 550
216 0 617 500
216 1 834 440
216 2 851 426
216 3 950 550
216 4 1029 550
217 0 617 500
217 1 834 439
217 2 852 426
217 3 949 550
217 4 1029 550
218 0 616 499
218 1 834 438
218 2 853 426
218 3 953 548
218 4 1029 550
219 0 614 498
219 1 835 435
219 2 853 426
219 3 952 548
219 4 1029 550
220 0 615 498
220 1 835 435
220 2 853 426
220 3 955 547
220 4 1029 550
221 0 614 498
221 1 836 433
221 2 854 426
221 3 956 547
221 4 1028 550
222 0 609 493
222 1 837 432
222 2 854 426
222 3 958 547
222 4 1028 550
223 0 611 492
223 1 838 432
223 2 854 426
223 3 959 547
223 4 1028 550
224 0 611 491
224 1 839 431
224 2 855 426
224 3 960 547
224 4 1028 550
225 0 611 489
225 1 840 430
225 2 855 426
225 3 962 547
225 4 1027 551
226 0 611 489
226 1 841 430
226 2 856 427
226 3 963 547
226 4 1027 551
227 0 611 488
227 1 842 430
227 2 857 426
227 3 965 546
227 4 1027 550
228 0 611 488
228 1 843 430
228 2 852 421
228 3 966 546
228 4 1026 551
229 0 611 488
229 1 844 430
229 2 854 420
229 3 969 545
229 4 1026 551
230 0 611 489
230 1 844 430
230 2 855 418
230 3 966 546
230 4 1026 551
231 0 611 491
231 1 846 429
231 2 855 418
231 3 970 544
231 4 1026 551
232 0 612 493
232 1 847 429
232 2 855 418
232 3 969 544
232 4 1026 551
233 0 612 495
233 1 848 430
233 2 856 417
233 3 973 543
233 4 1026 551
234 0 613 496
234 1 850 429
234 2 857 416
234 3 974 542
234 4 1026 551
235 0 613 497
235 1 851 429
235 2 857 416
235 3 974 541
235 4 1026 551
236 0 613 498
236 1 854 428
236 2 860 414
236 3 975 539
236 4 1026 551
237 0 613 498
237 1 854 428
237 2 860 414
237 3 975 538
237 4 1026 551
238 0 613 500
238 1 856 427
238 2 861 413
238 3 978 537
238 4 1026 551
239 0 612 502
239 1 856 427
239 2 862 412
239 3 979 536
239 4 1026 551
240 0 613 503
240 1 856 426
240 2 862 412
240 3 981 534
240 4 1026 551
241 0 613 504
241 1 858 425
241 2 862 411
241 3 981 534
241 4 1026 551
242 0 612 506
242 1 858 425
242 2 863 410
242 3 981 533
242 4 1026 551
243 0 612 507
243 1 857 426
243 2 864 408
243 3 983 532
243 4 1026 551
244 0 611 508
244 1 858 424
244 2 865 406
244 3 984 531
244 4 1026 551
245 0 611 509
245 1 858 423
245 2 865 406
245 3 985 530
245 4 1026 551
246 0 610 510
246 1 858 424
246 2 866 404
246 3 985 529
246 4 1026 551
247 0 610 511
247 1 859 422
247 2 866 403
247 3 987 528
247 4 1026 551
248 0 609 513
248 1 860 422
248 2 867 402
248 3 987 527
248 4 1025 552
249 0 608 514
249 1 860 420
249 2 867 401
249 3 987 525
249 4 1026 552
250 0 609 514
250 1 861 419
250 2 867 401
250 3 987 524
250 4 1026 552
251 0 608 516
251 1 860 418
251 2 866 403
251 3 988 522
251 4 1025 553
252 0 608 517
252 1 861 416
252 2 867 398
252 3 989 521
252 4 1025 553
253 0 607 519
253 1 862 415
253 2 867 398
253 3 990 519
253 4 1025 554
254 0 607 520
254 1 862 415
254 2 867 397
254 3 991 518
254 4 1026 552
255 0 607 521
255 1 862 415
255 2 867 397
255 3 991 516
255 4 1026 552
