FRAME   ID  X   Y (0 is Leader, 1 is Follower)
1 0 774 488
1 1 757 490
1 2 1006 367
2 0 774 488
2 1 758 490
2 2 1007 367
3 0 774 488
3 1 760 490
3 2 1007 369
4 0 774 488
4 1 762 491
4 2 1008 369
5 0 774 488
5 1 763 490
5 2 1010 370
6 0 774 488
6 1 764 490
6 2 1011 372
7 0 773 488
7 1 766 490
7 2 1012 374
8 0 773 488
8 1 766 490
8 2 1014 375
9 0 773 488
9 1 766 490
9 2 1015 375
10 0 773 488
10 1 766 490
10 2 1015 376
11 0 774 488
11 1 765 489
11 2 1016 378
12 0 776 488
12 1 765 488
12 2 1018 380
13 0 776 488
13 1 765 488
13 2 1019 381
14 0 777 488
14 1 766 487
14 2 1019 381
15 0 777 488
15 1 767 485
15 2 1020 382
16 0 778 487
16 1 767 485
16 2 1022 384
17 0 779 486
17 1 767 484
17 2 1024 386
18 0 778 487
18 1 767 485
18 2 1024 387
19 0 779 486
19 1 768 484
19 2 1026 388
20 0 779 486
20 1 770 484
20 2 1027 390
21 0 779 486
21 1 770 484
21 2 1027 391
22 0 780 485
22 1 771 484
22 2 1028 392
23 0 781 484
23 1 771 484
23 2 1030 394
24 0 781 484
24 1 772 484
24 2 1031 395
25 0 782 484
25 1 773 485
25 2 1031 396
26 0 784 483
26 1 772 484
26 2 1032 398
27 0 784 482
27 1 773 485
27 2 1034 400
28 0 785 482
28 1 773 485
28 2 1035 402
29 0 785 482
29 1 773 485
29 2 1035 404
30 0 785 482
30 1 774 485
30 2 1035 405
31 0 785 482
31 1 776 485
31 2 1036 405
32 0 786 482
32 1 777 485
32 2 1038 407
33 0 786 482
33 1 778 485
33 2 1040 408
34 0 787 482
34 1 779 485
34 2 1041 409
35 0 786 482
35 1 780 485
35 2 1042 409
36 0 787 482
36 1 781 485
36 2 1044 410
37 0 786 482
37 1 780 485
37 2 1046 412
38 0 787 482
38 1 781 485
38 2 1047 413
39 0 787 481
39 1 781 484
39 2 1049 413
40 0 788 479
40 1 781 485
40 2 1050 413
41 0 790 479
41 1 782 484
41 2 1052 414
42 0 790 479
42 1 783 485
42 2 1054 415
43 0 791 478
43 1 783 484
43 2 1056 414
44 0 790 479
44 1 784 485
44 2 1057 414
45 0 791 478
45 1 785 484
45 2 1058 414
46 0 791 478
46 1 785 484
46 2 1060 414
47 0 791 478
47 1 785 484
47 2 1062 414
48 0 791 478
48 1 785 484
48 2 1064 413
49 0 791 478
49 1 785 484
49 2 1065 412
50 0 791 478
50 1 785 484
50 2 1067 412
51 0 791 478
51 1 785 483
51 2 1068 412
52 0 792 477
52 1 785 482
52 2 1071 411
53 0 793 476
53 1 786 482
53 2 1072 409
54 0 792 477
54 1 787 482
54 2 1074 409
55 0 793 476
55 1 787 482
55 2 1076 409
56 0 793 476
56 1 787 482
56 2 1077 409
57 0 793 476
57 1 787 482
57 2 1078 408
58 0 793 476
58 1 787 482
58 2 1081 409
59 0 793 476
59 1 788 482
59 2 1082 408
60 0 793 475
60 1 789 482
60 2 1084 408
61 0 793 474
61 1 789 482
61 2 1086 408
62 0 793 474
62 1 789 482
62 2 1088 408
63 0 793 473
63 1 790 482
63 2 1089 407
64 0 793 471
64 1 791 482
64 2 1090 406
65 0 793 470
65 1 791 482
65 2 1092 406
66 0 794 469
66 1 791 482
66 2 1094 405
67 0 795 467
67 1 791 482
67 2 1095 403
68 0 794 466
68 1 792 481
68 2 1096 402
69 0 795 467
69 1 794 480
69 2 1098 402
70 0 795 466
70 1 795 479
70 2 1099 401
71 0 795 467
71 1 794 477
71 2 1099 399
72 0 795 466
72 1 795 476
72 2 1100 397
73 0 796 466
73 1 795 476
73 2 1101 395
74 0 798 466
74 1 794 475
74 2 1101 394
75 0 799 465
75 1 794 474
75 2 1102 393
76 0 799 464
76 1 794 474
76 2 1104 391
77 0 800 464
77 1 793 474
77 2 1105 389
78 0 801 464
78 1 791 473
78 2 1105 387
79 0 801 464
79 1 791 472
79 2 1106 386
80 0 801 464
80 1 791 472
80 2 1107 386
81 0 801 464
81 1 791 471
81 2 1108 384
82 0 802 464
82 1 791 469
82 2 1110 382
83 0 803 463
83 1 791 468
83 2 1111 381
84 0 803 462
84 1 791 468
84 2 1111 379
85 0 804 462
85 1 791 467
85 2 1113 378
86 0 805 462
86 1 792 465
86 2 1114 378
87 0 805 462
87 1 793 464
87 2 1116 378
88 0 805 462
88 1 794 464
88 2 1118 378
89 0 805 462
89 1 795 464
89 2 1119 377
90 0 805 462
90 1 796 463
90 2 1120 376
91 0 805 462
91 1 797 463
91 2 1123 376
92 0 805 462
92 1 796 463
92 2 1124 376
93 0 806 462
93 1 798 463
93 2 1126 375
94 0 808 462
94 1 799 463
94 2 1127 375
95 0 809 462
95 1 799 463
95 2 1127 375
96 0 809 461
96 1 800 464
96 2 1127 375
97 0 810 461
97 1 801 465
97 2 1128 377
98 0 812 462
98 1 801 464
98 2 1129 377
99 0 813 463
99 1 802 465
99 2 1130 379
100 0 814 463
100 1 804 464
100 2 1132 380
101 0 815 463
101 1 806 465
101 2 1133 381
102 0 816 464
102 1 807 463
102 2 1134 381
103 0 817 466
103 1 808 463
103 2 1134 381
104 0 817 467
104 1 810 463
104 2 1134 381
105 0 817 466
105 1 811 463
105 2 1136 381
106 0 817 467
106 1 810 463
106 2 1137 382
107 0 817 467
107 1 811 463
107 2 1138 384
108 0 818 467
108 1 811 464
108 2 1140 384
109 0 820 469
109 1 812 466
109 2 1142 385
110 0 820 469
110 1 813 467
110 2 1144 385
111 0 820 470
111 1 812 467
111 2 1146 385
112 0 820 472
112 1 813 468
112 2 1148 386
113 0 821 473
113 1 813 469
113 2 1150 387
114 0 820 472
114 1 814 469
114 2 1152 387
115 0 821 473
115 1 815 469
115 2 1153 387
116 0 821 472
116 1 815 469
116 2 1155 387
117 0 821 472
117 1 815 469
117 2 1156 387
118 0 821 472
118 1 815 469
118 2 1159 388
119 0 822 473
119 1 816 470
119 2 1160 388
120 0 823 473
120 1 817 471
120 2 1163 388
121 0 823 473
121 1 816 471
121 2 1164 388
122 0 824 473
122 1 816 471
122 2 1166 388
123 0 826 473
123 1 817 472
123 2 1168 387
124 0 827 474
124 1 816 474
124 2 1169 386
125 0 828 474
125 1 816 474
125 2 1170 387
126 0 830 474
126 1 816 475
126 2 1172 386
127 0 831 474
127 1 816 475
127 2 1173 386
128 0 832 473
128 1 816 475
128 2 1175 386
129 0 834 472
129 1 817 477
129 2 1176 386
130 0 834 472
130 1 816 477
130 2 1178 386
131 0 834 472
131 1 817 479
131 2 1179 386
132 0 835 471
132 1 817 480
132 2 1180 386
133 0 834 470
133 1 817 481
133 2 1182 386
134 0 835 470
134 1 818 481
134 2 1183 387
135 0 835 470
135 1 819 480
135 2 1184 387
136 0 835 470
136 1 820 481
136 2 1186 388
137 0 835 470
137 1 821 479
137 2 1187 390
138 0 835 469
138 1 821 479
138 2 1188 392
139 0 835 467
139 1 822 478
139 2 1190 393
140 0 836 466
140 1 823 478
140 2 1191 394
141 0 836 466
141 1 823 477
141 2 1191 396
142 0 836 466
142 1 823 475
142 2 1193 398
143 0 836 465
143 1 823 475
143 2 1194 399
144 0 836 464
144 1 823 474
144 2 1196 400
145 0 836 465
145 1 823 474
145 2 1197 402
146 0 836 464
146 1 824 474
146 2 1197 402
147 0 836 464
147 1 826 474
147 2 1197 402
148 0 836 464
148 1 827 473
148 2 1197 402
149 0 836 464
149 1 828 472
149 2 1197 402
150 0 836 464
150 1 829 472
150 2 1197 402
151 0 836 464
151 1 830 472
151 2 1197 402
152 0 836 464
152 1 831 472
152 2 1197 403
153 0 835 463
153 1 830 472
153 2 1197 402
154 0 834 462
154 1 831 471
154 2 1197 403
155 0 834 462
155 1 831 470
155 2 1198 403
156 0 833 460
156 1 831 469
156 2 1200 404
157 0 832 459
157 1 831 468
157 2 1200 406
158 0 832 457
158 1 831 468
158 2 1201 407
159 0 832 455
159 1 831 467
159 2 1201 407
160 0 832 453
160 1 831 466
160 2 1202 408
161 0 831 451
161 1 831 466
161 2 1204 409
162 0 830 450
162 1 831 465
162 2 1205 410
163 0 831 450
163 1 830 466
163 2 1206 412
164 0 830 450
164 1 831 467
164 2 1208 412
165 0 831 450
165 1 830 466
165 2 1210 413
166 0 830 450
166 1 830 466
166 2 1211 413
167 0 831 450
167 1 830 466
167 2 1212 414
168 0 830 450
168 1 830 465
168 2 1215 416
169 0 831 450
169 1 830 464
169 2 1215 416
170 0 830 449
170 1 830 464
170 2 1217 416
171 0 831 448
171 1 829 464
171 2 1218 417
172 0 830 448
172 1 828 463
172 2 1221 416
173 0 831 448
173 1 829 462
173 2 1222 417
174 0 830 447
174 1 828 462
174 2 1224 416
175 0 831 445
175 1 828 461
175 2 1226 417
176 0 830 444
176 1 828 459
176 2 1226 416
177 0 831 442
177 1 827 458
177 2 1226 417
178 0 831 440
178 1 826 458
178 2 1226 416
179 0 832 438
179 1 826 458
179 2 1226 417
180 0 833 437
180 1 826 456
180 2 1226 416
181 0 833 435
181 1 826 455
181 2 1226 417
182 0 834 434
182 1 825 453
182 2 1226 416
183 0 835 434
183 1 824 452
183 2 1226 417
184 0 835 434
184 1 825 452
184 2 1226 416
185 0 835 434
185 1 824 451
185 2 1226 417
186 0 835 434
186 1 824 450
186 2 1226 416
187 0 835 434
187 1 825 450
187 2 1226 417
188 0 835 434
188 1 824 449
188 2 1226 416
189 0 835 434
189 1 826 447
189 2 1226 417
190 0 835 434
190 1 826 447
190 2 1226 416
191 0 835 434
191 1 826 447
191 2 1226 417
192 0 835 434
192 1 827 446
192 2 1226 416
193 0 835 433
193 1 827 446
193 2 1226 417
194 0 835 432
194 1 827 446
194 2 1226 416
195 0 835 433
195 1 827 446
195 2 1226 417
196 0 836 431
196 1 827 446
196 2 1226 416
197 0 837 430
197 1 828 445
197 2 1226 417
198 0 838 430
198 1 829 443
198 2 1226 416
199 0 839 429
199 1 829 442
199 2 1226 417
200 0 840 427
200 1 829 442
200 2 1226 417
201 0 842 426
201 1 829 442
201 2 1226 417
202 0 844 426
202 1 829 441
202 2 1227 417
203 0 845 426
203 1 829 439
203 2 1226 418
204 0 844 425
204 1 829 437
204 2 1227 419
205 0 845 424
205 1 830 436
205 2 1227 419
206 0 845 425
206 1 831 436
206 2 1227 419
207 0 845 424
207 1 830 434
207 2 1228 420
208 0 845 424
208 1 832 433
208 2 1230 421
209 0 846 424
209 1 832 432
209 2 1231 421
210 0 847 424
210 1 832 432
210 2 1231 422
211 0 847 424
211 1 833 431
211 2 1232 423
212 0 847 424
212 1 832 430
212 2 1233 422
213 0 847 424
213 1 833 430
213 2 1233 423
214 0 848 424
214 1 832 430
214 2 1234 423
215 0 850 424
215 1 833 430
215 2 1235 423
216 0 851 424
216 1 832 430
216 2 1235 423
217 0 852 423
217 1 833 430
217 2 1235 423
218 0 853 422
218 1 833 429
218 2 1235 423
219 0 854 422
219 1 834 428
219 2 1236 423
220 0 855 421
220 1 836 428
220 2 1237 424
221 0 854 420
221 1 838 428
221 2 1237 425
222 0 856 420
222 1 839 428
222 2 1237 425
223 0 857 419
223 1 840 428
223 2 1237 425
224 0 857 418
224 1 842 428
224 2 1237 425
225 0 858 417
225 1 844 428
225 2 1238 426
226 0 860 416
226 1 846 428
226 2 1239 427
227 0 860 416
227 1 847 427
227 2 1239 427
228 0 861 415
228 1 848 425
228 2 1239 427
229 0 860 414
229 1 849 425
229 2 1239 427
230 0 862 413
230 1 850 424
230 2 1240 427
231 0 863 412
231 1 851 425
231 2 1241 428
232 0 863 411
232 1 851 423
232 2 1240 429
233 0 863 409
233 1 851 422
233 2 1241 428
234 0 864 408
234 1 852 423
234 2 1241 429
235 0 865 408
235 1 853 421
235 2 1242 429
236 0 865 406
236 1 853 420
236 2 1243 429
237 0 866 405
237 1 853 420
237 2 1242 429
238 0 867 403
238 1 854 419
238 2 1243 429
239 0 866 402
239 1 855 417
239 2 1243 429
240 0 867 403
240 1 855 415
240 2 1243 430
241 0 866 402
241 1 855 414
241 2 1244 431
242 0 867 403
242 1 855 415
242 2 1245 430
243 0 867 402
243 1 855 414
243 2 1245 431
244 0 867 402
244 1 856 414
244 2 1246 430
245 0 867 401
245 1 858 413
245 2 1247 431
246 0 867 399
246 1 859 412
246 2 1247 431
247 0 867 398
247 1 859 413
247 2 1248 431
248 0 868 398
248 1 859 412
248 2 1249 431
249 0 869 396
249 1 860 412
249 2 1248 431
250 0 868 395
250 1 861 411
250 2 1249 431
251 0 869 393
251 1 861 409
251 2 1249 431
252 0 868 392
252 1 862 408
252 2 1250 431
253 0 869 392
253 1 863 407
253 2 1251 431
254 0 868 392
254 1 863 406
254 2 1251 432
255 0 869 392
255 1 863 405
255 2 1251 433
256 0 868 392
256 1 863 404
256 2 1252 432
257 0 869 392
257 1 863 404
257 2 1253 433
258 0 868 392
258 1 863 404
258 2 1253 432
259 0 868 392
259 1 863 404
259 2 1254 433
260 0 868 390
260 1 863 404
260 2 1255 433
261 0 868 389
261 1 863 404
261 2 1256 433
262 0 866 387
262 1 863 404
262 2 1257 433
263 0 865 385
263 1 863 403
263 2 1257 433
264 0 863 384
264 1 863 401
264 2 1258 433
265 0 862 384
265 1 863 400
265 2 1259 433
266 0 862 383
266 1 863 400
266 2 1259 432
267 0 862 382
267 1 863 399
267 2 1259 433
268 0 861 382
268 1 864 397
268 2 1259 432
269 0 860 382
269 1 865 397
269 2 1259 432
270 0 861 382
270 1 864 396
270 2 1259 432
271 0 860 382
271 1 865 397
271 2 1259 432
272 0 861 381
272 1 865 396
272 2 1259 432
273 0 860 380
273 1 865 396
273 2 1259 432
274 0 860 380
274 1 865 396
274 2 1259 432
275 0 860 380
275 1 866 396
275 2 1259 432
276 0 860 379
276 1 867 396
276 2 1259 432
277 0 860 378
277 1 866 396
277 2 1259 432
278 0 860 378
278 1 867 395
278 2 1259 432
279 0 860 378
279 1 867 395
279 2 1259 432
280 0 860 378
280 1 867 395
280 2 1259 432
281 0 860 378
281 1 868 395
281 2 1259 432
282 0 860 378
282 1 869 395
282 2 1259 432
283 0 860 378
283 1 868 395
283 2 1259 432
284 0 860 378
284 1 869 395
284 2 1259 432
285 0 860 378
285 1 868 395
285 2 1259 432
286 0 860 378
286 1 869 395
286 2 1259 432
287 0 860 378
287 1 868 396
287 2 1259 432
288 0 860 378
288 1 868 396
288 2 1259 432
289 0 860 378
289 1 868 396
289 2 1259 432
290 0 860 378
290 1 869 396
290 2 1259 432
291 0 860 378
291 1 868 396
291 2 1259 432
292 0 860 378
292 1 869 396
292 2 1259 432
293 0 860 378
293 1 868 396
293 2 1259 431
294 0 860 378
294 1 869 396
294 2 1259 431
295 0 860 378
295 1 869 396
295 2 1259 430
296 0 860 378
296 1 869 396
296 2 1259 431
297 0 860 378
297 1 869 396
297 2 1259 430
298 0 860 378
298 1 869 396
298 2 1260 430
299 0 860 378
299 1 869 396
299 2 1261 429
300 0 860 378
300 1 869 396
300 2 1260 428
301 0 860 378
301 1 869 396
301 2 1261 429
302 0 860 378
302 1 869 396
302 2 1261 428
303 0 860 378
303 1 869 396
303 2 1261 428
304 0 860 378
304 1 869 396
304 2 1261 428
305 0 860 378
305 1 869 396
305 2 1261 428
306 0 860 378
306 1 869 396
306 2 1261 428
307 0 860 378
307 1 869 396
307 2 1261 428
308 0 860 378
308 1 868 396
308 2 1261 428
309 0 860 378
309 1 869 396
309 2 1261 428
310 0 860 378
310 1 868 396
310 2 1261 428
311 0 860 378
311 1 868 395
311 2 1261 428
312 0 860 378
312 1 867 394
312 2 1261 428
313 0 860 378
313 1 865 394
313 2 1261 428
314 0 860 378
314 1 864 394
314 2 1261 428
315 0 860 378
315 1 864 393
315 2 1261 428
316 0 860 378
316 1 863 391
316 2 1261 428
317 0 860 378
317 1 861 391
317 2 1261 428
318 0 860 378
318 1 859 390
318 2 1261 428
319 0 860 378
319 1 859 390
319 2 1261 428
320 0 860 378
320 1 859 390
320 2 1261 428
321 0 860 377
321 1 858 389
321 2 1261 428
322 0 860 376
322 1 859 389
322 2 1261 428
323 0 859 376
323 1 858 388
323 2 1261 428
324 0 858 374
324 1 859 389
324 2 1261 428
325 0 858 373
325 1 857 387
325 2 1261 428
326 0 857 370
326 1 857 387
326 2 1261 428
327 0 856 369
327 1 857 386
327 2 1261 428
328 0 856 367
328 1 856 385
328 2 1261 428
329 0 856 366
329 1 857 384
329 2 1261 428
330 0 854 365
330 1 856 383
330 2 1261 428
331 0 854 364
331 1 857 382
331 2 1261 428
332 0 854 364
332 1 856 381
332 2 1261 428
333 0 854 364
333 1 857 379
333 2 1261 428
334 0 853 363
334 1 857 378
334 2 1261 428
335 0 852 362
335 1 857 378
335 2 1261 428
336 0 852 362
336 1 858 377
336 2 1261 428
337 0 852 362
337 1 859 376
337 2 1261 428
338 0 852 362
338 1 859 376
338 2 1261 428
339 0 851 362
339 1 861 375
339 2 1261 428
340 0 850 362
340 1 861 374
340 2 1261 428
341 0 851 362
341 1 862 374
341 2 1261 428
342 0 850 362
342 1 863 374
342 2 1261 428
343 0 851 362
343 1 863 373
343 2 1261 428
344 0 850 361
344 1 863 371
344 2 1261 429
345 0 851 360
345 1 864 371
345 2 1261 428
346 0 849 361
346 1 864 371
346 2 1261 429
347 0 849 360
347 1 864 370
347 2 1261 428
348 0 849 361
348 1 863 369
348 2 1262 429
349 0 849 360
349 1 862 368
349 2 1263 429
350 0 849 361
350 1 862 368
350 2 1262 429
351 0 849 360
351 1 862 368
351 2 1263 429
352 0 849 361
352 1 862 368
352 2 1262 429
353 0 849 360
353 1 862 368
353 2 1263 429
354 0 849 361
354 1 862 368
354 2 1262 429
355 0 849 360
355 1 862 367
355 2 1263 429
356 0 849 361
356 1 862 366
356 2 1262 429
357 0 849 360
357 1 862 366
357 2 1263 429
358 0 849 361
358 1 861 365
358 2 1262 429
359 0 849 360
359 1 860 363
359 2 1263 429
360 0 849 361
360 1 861 362
360 2 1262 429
361 0 849 360
361 1 860 362
361 2 1263 429
362 0 849 361
362 1 860 362
362 2 1262 429
363 0 849 360
363 1 859 361
363 2 1263 429
364 0 849 361
364 1 858 360
364 2 1262 429
365 0 849 360
365 1 859 361
365 2 1263 429
366 0 849 361
366 1 858 360
366 2 1262 429
367 0 849 360
367 1 859 361
367 2 1263 429
368 0 849 361
368 1 858 360
368 2 1262 429
369 0 849 360
369 1 859 361
369 2 1263 429
370 0 848 361
370 1 858 360
370 2 1262 429
371 0 848 360
371 1 858 361
371 2 1263 429
372 0 847 360
372 1 857 360
372 2 1262 429
373 0 845 360
373 1 856 361
373 2 1263 429
374 0 844 360
374 1 856 360
374 2 1262 429
375 0 843 359
375 1 856 360
375 2 1263 429
376 0 840 357
376 1 855 360
376 2 1262 429
377 0 839 357
377 1 854 361
377 2 1263 429
378 0 836 356
378 1 853 361
378 2 1262 429
379 0 835 356
379 1 851 361
379 2 1263 429
380 0 834 356
380 1 850 361
380 2 1262 429
381 0 834 356
381 1 849 361
381 2 1263 429
382 0 834 356
382 1 847 361
382 2 1262 429
383 0 833 356
383 1 845 361
383 2 1263 429
384 0 832 356
384 1 844 361
384 2 1262 429
385 0 832 356
385 1 843 361
385 2 1263 429
386 0 832 356
386 1 841 361
386 2 1262 429
387 0 832 356
387 1 840 360
387 2 1263 429
388 0 832 356
388 1 841 361
388 2 1262 429
389 0 831 356
389 1 840 360
389 2 1263 429
390 0 830 357
390 1 840 360
390 2 1262 429
391 0 829 357
391 1 839 359
391 2 1263 429
392 0 827 357
392 1 838 358
392 2 1262 429
393 0 825 358
393 1 837 357
393 2 1263 429
394 0 824 360
394 1 835 356
394 2 1263 429
395 0 823 361
395 1 833 356
395 2 1263 429
396 0 820 361
396 1 832 355
396 2 1263 429
397 0 820 362
397 1 831 354
397 2 1263 429
398 0 819 364
398 1 830 355
398 2 1263 429
399 0 817 365
399 1 830 354
399 2 1263 429
400 0 816 365
400 1 829 355
400 2 1263 429
401 0 815 366
401 1 827 355
401 2 1263 429
402 0 813 368
402 1 826 355
402 2 1263 429
403 0 813 368
403 1 826 356
403 2 1263 429
404 0 812 369
404 1 826 357
404 2 1263 429
405 0 813 368
405 1 826 357
405 2 1263 429
406 0 812 369
406 1 826 358
406 2 1263 429
407 0 813 368
407 1 825 360
407 2 1263 429
408 0 812 369
408 1 824 361
408 2 1263 429
409 0 813 368
409 1 824 362
409 2 1263 429
410 0 812 369
410 1 823 363
410 2 1263 429
411 0 813 368
411 1 821 364
411 2 1263 429
412 0 812 369
412 1 820 365
412 2 1263 429
413 0 812 369
413 1 821 365
413 2 1263 429
414 0 812 369
414 1 820 365
414 2 1263 429
415 0 811 369
415 1 820 365
415 2 1263 429
416 0 809 371
416 1 819 365
416 2 1263 429
417 0 808 372
417 1 818 365
417 2 1263 429
418 0 808 374
418 1 818 365
418 2 1263 429
419 0 807 376
419 1 817 365
419 2 1263 429
420 0 804 378
420 1 815 365
420 2 1263 429
421 0 804 380
421 1 813 365
421 2 1263 429
422 0 803 381
422 1 812 365
422 2 1263 429
423 0 801 382
423 1 811 365
423 2 1263 429
424 0 799 384
424 1 808 366
424 2 1264 429
425 0 798 385
425 1 807 368
425 2 1265 429
426 0 799 384
426 1 805 369
426 2 1264 429
427 0 798 385
427 1 804 369
427 2 1265 429
428 0 798 385
428 1 803 370
428 2 1264 429
429 0 798 385
429 1 801 372
429 2 1265 429
430 0 798 385
430 1 801 374
430 2 1264 429
431 0 798 385
431 1 801 375
431 2 1265 429
432 0 798 385
432 1 801 375
432 2 1264 429
433 0 798 385
433 1 801 376
433 2 1265 429
434 0 797 385
434 1 801 377
434 2 1264 429
435 0 796 386
435 1 801 377
435 2 1265 429
436 0 795 388
436 1 801 378
436 2 1264 429
437 0 794 388
437 1 801 380
437 2 1265 429
438 0 793 389
438 1 801 381
438 2 1265 429
439 0 791 389
439 1 800 381
439 2 1265 429
440 0 790 390
440 1 800 382
440 2 1265 429
441 0 790 392
441 1 800 384
441 2 1265 429
442 0 789 392
442 1 799 385
442 2 1265 429
443 0 787 393
443 1 797 385
443 2 1265 429
444 0 787 393
444 1 796 385
444 2 1265 429
445 0 786 393
445 1 796 386
445 2 1265 429
446 0 787 394
446 1 795 387
446 2 1265 429
447 0 786 395
447 1 792 386
447 2 1266 429
448 0 786 395
448 1 792 388
448 2 1267 429
449 0 785 397
449 1 791 388
449 2 1267 429
450 0 784 399
450 1 789 389
450 2 1267 429
451 0 783 401
451 1 789 389
451 2 1267 429
452 0 782 403
452 1 788 389
452 2 1267 429
453 0 782 404
453 1 788 390
453 2 1267 429
454 0 781 406
454 1 787 392
454 2 1267 429
455 0 780 407
455 1 785 394
455 2 1267 429
456 0 780 407
456 1 784 395
456 2 1267 429
457 0 779 409
457 1 784 396
457 2 1267 429
458 0 778 409
458 1 783 398
458 2 1267 429
459 0 778 410
459 1 781 400
459 2 1267 429
460 0 778 411
460 1 780 402
460 2 1267 429
461 0 778 410
461 1 780 403
461 2 1267 429
462 0 778 410
462 1 780 402
462 2 1267 429
463 0 778 410
463 1 780 403
463 2 1267 429
464 0 780 409
464 1 780 403
464 2 1268 429
465 0 780 408
465 1 780 403
465 2 1269 429
466 0 780 409
466 1 780 403
466 2 1268 429
467 0 780 408
467 1 780 403
467 2 1269 429
468 0 780 409
468 1 780 403
468 2 1268 429
469 0 779 408
469 1 780 403
469 2 1269 429
470 0 778 409
470 1 779 404
470 2 1268 429
471 0 778 409
471 1 778 405
471 2 1269 429
472 0 777 410
472 1 778 405
472 2 1268 429
473 0 776 411
473 1 777 406
473 2 1269 429
474 0 775 411
474 1 775 408
474 2 1268 429
475 0 776 409
475 1 774 409
475 2 1269 429
476 0 777 409
476 1 774 410
476 2 1268 429
477 0 775 410
477 1 773 411
477 2 1269 429
478 0 774 411
478 1 772 410
478 2 1268 429
479 0 774 410
479 1 772 411
479 2 1269 429
480 0 774 411
480 1 771 411
480 2 1268 429
481 0 773 411
481 1 769 411
481 2 1269 429
482 0 771 411
482 1 768 411
482 2 1268 429
483 0 769 411
483 1 767 411
483 2 1269 429
484 0 768 411
484 1 765 412
484 2 1268 429
485 0 768 412
485 1 765 413
485 2 1269 429
486 0 768 412
486 1 765 412
486 2 1268 429
487 0 768 413
487 1 764 413
487 2 1269 429
488 0 767 412
488 1 764 413
488 2 1268 429
489 0 765 413
489 1 763 413
489 2 1268 429
490 0 765 413
490 1 762 414
490 2 1268 429
491 0 765 414
491 1 763 416
491 2 1268 429
492 0 764 416
492 1 761 416
492 2 1268 429
493 0 764 417
493 1 760 418
493 2 1268 429
494 0 763 417
494 1 760 419
494 2 1268 429