FRAME   ID  X   Y (0 is Leader, 1 is Follower) 
201 1 521 596
202 0 526 611
202 1 521 596
203 0 527 612
203 1 521 597
204 0 527 614
204 1 521 596
205 0 527 614
205 1 520 598
206 0 528 615
206 1 521 599
207 0 529 614
207 1 520 599
208 0 529 615
208 1 520 600
209 0 529 614
209 1 520 601
210 0 530 615
210 1 519 601
211 0 532 615
211 1 518 601
212 0 532 615
212 1 518 602
213 0 533 616
213 1 518 603
214 0 533 617
214 1 517 603
215 0 534 616
215 1 516 604
216 0 535 617
216 1 516 605
217 0 534 616
217 1 516 605
218 0 535 617
218 1 516 606
219 0 535 617
219 1 516 607
220 0 535 617
220 1 517 607
221 0 535 617
221 1 517 608
222 0 535 617
222 1 517 609
223 0 536 618
223 1 518 609
224 0 537 619
224 1 519 609
225 0 537 619
225 1 519 609
226 0 537 619
226 1 520 609
227 0 537 619
227 1 521 608
228 0 537 619
228 1 522 609
229 0 537 619
229 1 523 608
230 0 537 619
230 1 523 608
231 0 537 619
231 1 524 608
232 0 537 619
232 1 526 607
233 0 538 619
233 1 527 607
234 0 539 619
234 1 527 607
235 0 539 619
235 1 527 607
236 0 539 619
236 1 528 607
237 0 539 619
237 1 529 608
238 0 539 619
238 1 529 609
239 0 539 619
239 1 530 609
240 0 539 619
240 1 530 609
241 0 539 619
241 1 530 609
242 0 539 619
242 1 530 609
243 0 539 619
243 1 530 609
244 0 539 619
244 1 530 609
245 0 539 619
245 1 530 610
246 0 539 619
246 1 530 611
247 0 539 619
247 1 530 611
248 0 539 619
248 1 530 612
249 0 539 619
249 1 530 613
250 0 539 619
250 1 530 613
251 0 539 619
251 1 530 613
252 0 539 619
252 1 530 613
253 0 539 619
253 1 530 613
254 0 539 619
254 1 530 613
255 0 539 619
255 1 530 613
256 0 539 619
256 1 530 613
257 0 539 619
257 1 530 613
258 0 539 619
258 1 530 613
259 0 539 619
259 1 530 613
260 0 539 619
260 1 530 613
261 0 539 619
261 1 530 613
262 0 540 620
262 1 530 613
263 0 541 621
263 1 530 613
264 0 541 620
264 1 530 613
265 0 542 622
265 1 530 613
266 0 543 622
266 1 530 613
267 0 543 623
267 1 530 612
268 0 544 622
268 1 530 613
269 0 545 623
269 1 530 612
270 0 546 623
270 1 530 613
271 0 547 623
271 1 530 612
272 0 547 623
272 1 530 612
273 0 547 623
273 1 530 612
274 0 547 623
274 1 530 612
275 0 548 623
275 1 531 612
276 0 549 623
276 1 530 612
277 0 548 623
277 1 531 612
278 0 549 623
278 1 531 612
279 0 548 623
279 1 531 612
280 0 549 623
280 1 531 612
281 0 549 623
281 1 532 612
282 0 549 623
282 1 533 612
283 0 549 623
283 1 533 612
284 0 549 623
284 1 533 612
285 0 549 623
285 1 533 613
286 0 549 623
286 1 533 613
287 0 549 623
287 1 533 613
288 0 549 623
288 1 533 613
289 0 549 623
289 1 533 614
290 0 549 623
290 1 533 615
291 0 549 623
291 1 533 614
292 0 549 623
292 1 533 615
293 0 549 623
293 1 533 614
294 0 549 623
294 1 533 615
295 0 549 623
295 1 533 614
296 0 549 623
296 1 533 615
297 0 549 623
297 1 533 614
298 0 549 623
298 1 533 615
299 0 549 623
299 1 533 614
300 0 549 623
300 1 533 615
301 0 549 623
301 1 533 614
302 0 549 623
302 1 533 615
303 0 549 623
303 1 533 614
304 0 549 623
304 1 534 615
305 0 549 623
305 1 535 614
306 0 549 623
306 1 534 615
307 0 549 623
307 1 536 614
308 0 549 623
308 1 536 615
309 0 549 623
309 1 536 614
310 0 550 623
310 1 536 615
311 0 551 623
311 1 537 614
312 0 551 622
312 1 536 615
313 0 551 623
313 1 538 614
314 0 551 622
314 1 538 615
315 0 551 623
315 1 538 614
316 0 551 623
316 1 539 615
317 0 551 623
317 1 538 614
318 0 551 623
318 1 539 615
319 0 551 623
319 1 539 614
320 0 551 623
320 1 539 615
321 0 551 623
321 1 539 615
322 0 551 623
322 1 539 615
323 0 551 623
323 1 539 615
324 0 551 623
324 1 539 615
325 0 552 623
325 1 539 615
326 0 553 623
326 1 540 615
327 0 552 623
327 1 541 615
328 0 553 623
328 1 540 615
329 0 552 624
329 1 541 615
330 0 553 625
330 1 540 615
331 0 552 624
331 1 541 615
332 0 553 625
332 1 541 615
333 0 552 624
333 1 541 615
334 0 553 625
334 1 541 615
335 0 553 624
335 1 542 615
336 0 553 625
336 1 543 615
337 0 553 625
337 1 542 615
338 0 553 625
338 1 543 615
339 0 553 625
339 1 543 616
340 0 553 625
340 1 544 617
341 0 553 625
341 1 545 617
342 0 553 625
342 1 544 617
343 0 553 625
343 1 545 617
344 0 553 625
344 1 545 618
345 0 553 625
345 1 545 619
346 0 553 625
346 1 545 618
347 0 553 625
347 1 545 619
348 0 553 625
348 1 545 619
349 0 554 626
349 1 545 619
350 0 555 627
350 1 545 619
351 0 555 626
351 1 546 620
352 0 555 627
352 1 547 621
353 0 556 627
353 1 547 620
354 0 557 627
354 1 547 621
355 0 557 627
355 1 547 620
356 0 557 627
356 1 548 621
357 0 558 627
357 1 549 620
358 0 559 627
358 1 549 620
359 0 559 627
359 1 549 620
360 0 560 627
360 1 550 620
361 0 561 627
361 1 551 620
362 0 560 627
362 1 551 620
363 0 561 627
363 1 551 620
364 0 560 627
364 1 551 620
365 0 561 627
365 1 551 621
366 0 560 627
366 1 552 620
367 0 561 627
367 1 553 621
368 0 561 627
368 1 552 620
369 0 561 627
369 1 553 621
RESET
370 0 561 627
370 1 552 621
371 0 561 627
371 1 553 621
372 0 561 627
372 1 553 621
373 0 562 627
373 1 553 621
374 0 563 627
374 1 554 621
375 0 562 627
375 1 555 621
376 0 563 627
376 1 554 621
377 0 563 627
377 1 555 621
378 0 563 627
378 1 555 621
379 0 564 627
379 1 555 621
380 0 565 627
380 1 555 621
381 0 565 627
381 1 556 622
382 0 566 627
382 1 557 623
383 0 567 627
383 1 556 622
384 0 567 627
384 1 557 623
385 0 567 627
385 1 557 623
386 0 568 626
386 1 557 623
387 0 569 627
387 1 557 623
388 0 568 626
388 1 558 623
389 0 569 627
389 1 559 623
390 0 568 626
390 1 559 623
391 0 569 626
391 1 559 623
392 0 569 626
392 1 559 623
393 0 569 626
393 1 560 623
394 0 569 626
394 1 561 623
395 0 569 626
395 1 561 623
396 0 569 626
396 1 562 622
397 0 569 626
397 1 563 623
398 0 569 626
398 1 562 622
399 0 570 625
399 1 563 623
400 0 572 624
400 1 562 622
401 0 573 625
401 1 563 623
402 0 573 623
402 1 563 623
403 0 574 622
403 1 563 623
404 0 575 622
404 1 564 624
405 0 575 621
405 1 565 625
406 0 575 620
406 1 565 624
407 0 576 620
407 1 566 625
408 0 577 620
408 1 567 624
409 0 576 619
409 1 567 625
410 0 577 618
410 1 568 624
411 0 576 619
411 1 569 625
412 0 577 618
412 1 569 624
413 0 577 618
413 1 569 624
414 0 577 618
414 1 570 624
415 0 577 618
415 1 571 623
416 0 577 618
416 1 571 622
417 0 577 618
417 1 571 623
418 0 577 618
418 1 572 622
419 0 577 618
419 1 573 623
420 0 577 618
420 1 573 622
421 0 577 617
421 1 573 623
422 0 577 616
422 1 574 622
423 0 577 616
423 1 575 623
424 0 577 616
424 1 575 622
425 0 577 616
425 1 575 623
426 0 577 615
426 1 575 622
427 0 577 615
427 1 575 622
428 0 577 615
428 1 575 621
429 0 577 615
429 1 575 620
430 0 577 615
430 1 575 620
431 0 577 615
431 1 575 620
432 0 577 615
432 1 575 620
433 0 577 614
433 1 575 619
434 0 577 614
434 1 575 618
435 0 577 614
435 1 575 618
436 0 577 614
436 1 576 618
437 0 577 614
437 1 577 618
438 0 577 614
438 1 576 618
439 0 577 614
439 1 577 618
440 0 577 614
440 1 577 617
441 0 577 613
441 1 577 616
442 0 577 613
442 1 577 617
443 0 577 613
443 1 577 616
444 0 577 613
444 1 577 617
445 0 577 613
445 1 577 616
446 0 577 613
446 1 577 617
447 0 577 613
447 1 577 616
448 0 577 613
448 1 577 617
449 0 577 613
449 1 578 616
450 0 580 608
450 1 580 621
451 0 580 607
451 1 580 621
452 0 580 606
452 1 581 620
453 0 580 606
453 1 580 621
454 0 580 606
454 1 581 620
455 0 580 606
455 1 580 620
456 0 580 605
456 1 581 620
457 0 580 604
457 1 581 619
458 0 580 604
458 1 581 619
459 0 580 604
459 1 581 618
460 0 580 604
460 1 581 619
461 0 580 604
461 1 581 618
462 0 580 603
462 1 581 618
463 0 580 602
463 1 581 618
464 0 580 603
464 1 581 618
465 0 581 601
465 1 582 617
466 0 580 600
466 1 583 616
467 0 581 600
467 1 582 617
468 0 581 599
468 1 583 616
469 0 581 597
469 1 582 616
470 0 582 596
470 1 583 616
471 0 583 596
471 1 582 616
472 0 583 595
472 1 583 615
473 0 583 594
473 1 582 614
474 0 583 594
474 1 583 614
475 0 583 594
475 1 583 614
476 0 583 594
476 1 583 614
477 0 583 594
477 1 583 613
478 0 583 594
478 1 583 612
479 0 583 594
479 1 583 613
480 0 583 594
480 1 583 612
481 0 584 594
481 1 582 612
482 0 585 594
482 1 583 612
483 0 584 594
483 1 582 612
484 0 585 594
484 1 583 612
485 0 584 594
485 1 582 612
486 0 585 594
486 1 582 611
487 0 584 594
487 1 582 610
488 0 585 594
488 1 582 610
489 0 585 594
489 1 582 610
490 0 585 594
490 1 582 610
491 0 585 594
491 1 582 610
492 0 585 594
492 1 582 610
493 0 585 594
493 1 582 609
494 0 585 594
494 1 582 608
495 0 585 594
495 1 582 608
496 0 585 593
496 1 582 608
497 0 585 592
497 1 582 608
498 0 586 593
498 1 582 607
499 0 586 592
499 1 583 606
500 0 586 593
500 1 582 606
501 0 586 592
501 1 583 605
502 0 586 593
502 1 582 604
503 0 586 592
503 1 583 604
504 0 586 592
504 1 582 604
505 0 586 592
505 1 583 604
506 0 586 592
506 1 582 604
507 0 587 592
507 1 583 604
508 0 586 591
508 1 582 603
509 0 587 590
509 1 583 602
510 0 587 590
510 1 582 602
511 0 588 589
511 1 583 602
512 0 589 587
512 1 583 602
513 0 589 586
513 1 583 601
514 0 589 586
514 1 583 600
515 0 589 586
515 1 584 600
516 0 589 586
516 1 585 599
517 0 589 586
517 1 585 598
518 0 589 586
518 1 585 599
519 0 589 586
519 1 585 598
520 0 590 585
520 1 585 598
521 0 591 584
521 1 586 598
522 0 590 584
522 1 587 597
523 0 592 583
523 1 586 596
524 0 592 581
524 1 587 596
525 0 592 579
525 1 587 596
526 0 592 578
526 1 587 596
527 0 592 578
527 1 588 595
528 0 592 576
528 1 589 594
529 0 592 576
529 1 588 594
530 0 592 576
530 1 589 594
531 0 592 575
531 1 589 593
532 0 592 574
532 1 589 592
533 0 592 575
533 1 590 592
534 0 592 574
534 1 591 592
535 0 592 574
535 1 590 592
536 0 592 574
536 1 591 591
537 0 592 574
537 1 591 590
538 0 592 574
538 1 591 590
539 0 592 574
539 1 591 589
540 0 592 573
540 1 591 588
541 0 592 573
541 1 591 588
542 0 592 572
542 1 591 587
543 0 592 573
543 1 592 586
544 0 592 572
544 1 593 585
545 0 592 572
545 1 592 584
546 0 592 572
546 1 593 584
547 0 592 572
547 1 592 583
548 0 592 572
548 1 593 583
549 0 592 572
549 1 592 582
550 0 592 572
550 1 593 583
RESET
551 0 592 571
551 1 592 582
552 0 592 570
552 1 593 583
553 0 591 570
553 1 592 582
554 0 590 569
554 1 593 582
555 0 590 567
555 1 593 582
556 0 590 566
556 1 593 581
557 0 590 566
557 1 593 579
558 0 589 565
558 1 593 578
559 0 588 563
559 1 593 578
560 0 588 562
560 1 594 577
561 0 588 562
561 1 595 576
562 0 587 561
562 1 594 576
563 0 586 560
563 1 594 576
564 0 587 560
564 1 595 576
565 0 586 560
565 1 594 575
566 0 586 559
566 1 595 574
567 0 586 558
567 1 594 574
568 0 585 558
568 1 595 573
569 0 584 558
569 1 594 572
570 0 585 558
570 1 594 573
571 0 584 558
571 1 594 572
572 0 585 558
572 1 594 573
573 0 584 557
573 1 594 573
574 0 584 556
574 1 594 573
575 0 584 557
575 1 594 573
576 0 584 556
576 1 594 573
577 0 584 556
577 1 594 573
578 0 584 556
578 1 595 572
579 0 584 556
579 1 594 573
580 0 584 555
580 1 595 572
581 0 584 554
581 1 594 573
582 0 584 554
582 1 594 572
583 0 584 554
583 1 594 573
584 0 584 554
584 1 594 572
585 0 584 554
585 1 594 573
586 0 584 554
586 1 594 572
587 0 584 554
587 1 594 572
588 0 584 554
588 1 594 572
589 0 584 554
589 1 594 572
590 0 584 554
590 1 594 572
591 0 584 554
591 1 594 572
592 0 584 554
592 1 594 571
593 0 584 554
593 1 594 570
594 0 584 554
594 1 594 570
595 0 584 554
595 1 594 570
596 0 584 554
596 1 594 570
597 0 584 553
597 1 594 569
598 0 585 552
598 1 594 568
599 0 584 552
599 1 594 568
600 0 585 552
600 1 594 568
601 0 584 552
601 1 594 568
602 0 585 552
602 1 593 567
603 0 585 552
603 1 592 566
604 0 585 552
604 1 592 566
605 0 585 552
605 1 591 565
606 0 585 552
606 1 590 564
607 0 585 552
607 1 590 564
608 0 585 552
608 1 590 563
609 0 585 552
609 1 590 562
610 0 585 552
610 1 590 563
611 0 585 552
611 1 589 562
612 0 585 551
612 1 588 562
613 0 585 551
613 1 588 562
614 0 585 551
614 1 588 562
615 0 595 548
615 1 585 559
616 0 596 548
616 1 585 559
617 0 598 548
617 1 585 558
618 0 600 549
618 1 585 559
619 0 600 548
619 1 585 558
620 0 600 549
620 1 585 558
621 0 601 548
621 1 585 556
622 0 600 549
622 1 584 555
623 0 601 548
623 1 585 553
624 0 601 549
624 1 585 552
625 0 601 548
625 1 585 552
626 0 601 549
626 1 585 552
627 0 601 548
627 1 585 552
628 0 601 549
628 1 585 552
629 0 602 548
629 1 585 551
630 0 604 548
630 1 585 550
631 0 605 548
631 1 585 550
632 0 605 547
632 1 586 550
633 0 606 546
633 1 587 550
634 0 608 546
634 1 586 550
635 0 609 546
635 1 587 550
636 0 609 545
636 1 588 550
637 0 610 543
637 1 589 550
638 0 611 543
638 1 589 550
639 0 611 543
639 1 590 550
640 0 611 543
640 1 592 550
641 0 611 543
641 1 593 550
642 0 612 542
642 1 594 550
643 0 613 543
643 1 596 550
644 0 613 542
644 1 597 549
645 0 613 542
645 1 598 548
646 0 613 542
646 1 599 549
647 0 614 541
647 1 599 548
648 0 616 540
648 1 599 548
649 0 617 540
649 1 600 548
650 0 617 538
650 1 601 548
651 0 618 537
651 1 600 547
652 0 620 535
652 1 601 546
653 0 621 534
653 1 601 547
654 0 621 534
654 1 601 546
655 0 622 533
655 1 601 547
656 0 624 531
656 1 602 546
657 0 624 531
657 1 604 547
658 0 624 530
658 1 604 546
659 0 624 531
659 1 605 547
660 0 624 530
660 1 605 546
661 0 625 530
661 1 605 547
662 0 624 529
662 1 605 546
663 0 625 528
663 1 606 547
664 0 625 528
664 1 607 546
665 0 625 528
665 1 606 547
666 0 625 528
666 1 606 546
667 0 625 527
667 1 606 547
668 0 625 526
668 1 606 546
669 0 625 526
669 1 606 547
670 0 625 526
670 1 606 546
671 0 625 526
671 1 607 547
672 0 625 526
672 1 606 546
673 0 625 526
673 1 607 546
674 0 625 526
674 1 607 545
675 0 625 526
675 1 607 543
676 0 625 526
676 1 607 542
677 0 625 526
677 1 607 542
678 0 625 526
678 1 607 542
679 0 625 526
679 1 606 541
680 0 625 526
680 1 607 540
681 0 625 526
681 1 606 541
682 0 625 526
682 1 606 540
683 0 625 526
683 1 606 540
684 0 625 526
684 1 606 540
685 0 625 526
685 1 605 540
686 0 625 526
686 1 603 540
687 0 625 526
687 1 602 540
688 0 625 526
688 1 602 540
689 0 625 526
689 1 602 540
690 0 625 526
690 1 601 541
691 0 625 526
691 1 599 541
692 0 625 526
692 1 598 541
693 0 625 526
693 1 599 541
694 0 625 526
694 1 598 541
695 0 626 526
695 1 598 542
696 0 627 526
696 1 598 543
697 0 626 526
697 1 597 543
698 0 627 526
698 1 596 544
699 0 627 526
699 1 597 545
700 0 627 526
700 1 596 545
701 0 627 526
701 1 596 546
702 0 627 526
702 1 596 548
703 0 627 526
703 1 595 549
704 0 627 526
704 1 594 549
705 0 627 526
705 1 594 550
706 0 627 526
706 1 594 551
707 0 627 526
707 1 593 551
708 0 627 526
708 1 592 551
709 0 627 526
709 1 592 552
710 0 627 526
710 1 592 553
711 0 627 526
711 1 591 552
712 0 627 526
712 1 590 553
713 0 627 526
713 1 590 553
714 0 627 526
714 1 589 553
715 0 627 526
715 1 588 553
716 0 627 526
716 1 588 553
717 0 627 526
717 1 587 553
718 0 627 526
718 1 585 553
719 0 627 526
719 1 584 552
720 0 627 526
720 1 584 552
721 0 627 526
721 1 584 552
722 0 627 526
722 1 583 552
723 0 627 526
723 1 582 552
724 0 627 526
724 1 582 552
725 0 627 526
725 1 582 552
726 0 627 526
726 1 582 551
727 0 627 526
727 1 582 550
728 0 627 526
728 1 581 550
729 0 627 526
729 1 580 550
730 0 627 526
730 1 581 549
731 0 627 526
731 1 580 548
732 0 627 526
732 1 581 548
733 0 627 526
733 1 581 547
734 0 627 526
734 1 581 546
735 0 627 526
735 1 581 547
736 0 627 526
736 1 581 546
737 0 627 526
737 1 582 546
738 0 627 526
738 1 584 546
739 0 627 526
739 1 585 546
740 0 627 526
740 1 585 546
741 0 627 526
741 1 585 546
742 0 627 526
742 1 586 546
743 0 627 526
743 1 588 546
744 0 627 526
744 1 589 547
745 0 626 526
745 1 589 547
746 0 627 526
746 1 590 548
747 0 626 526
747 1 591 549
748 0 627 526
748 1 592 549
749 0 626 526
749 1 593 549
750 0 627 526
750 1 593 549
751 0 626 526
751 1 594 549
752 0 627 526
752 1 596 549
753 0 626 526
753 1 597 549
754 0 627 526
754 1 597 549
755 0 626 526
755 1 597 548
756 0 627 526
756 1 597 548
757 0 626 526
757 1 598 548
758 0 627 526
758 1 600 547
759 0 626 526
759 1 601 546
760 0 627 526
760 1 600 546
761 0 627 526
761 1 601 546
762 0 627 526
762 1 601 546
763 0 627 526
763 1 601 546
764 0 627 526
764 1 601 546
765 0 627 526
765 1 602 546
766 0 627 526
766 1 603 546
767 0 627 526
767 1 603 546
768 0 627 526
768 1 604 545
769 0 627 526
769 1 605 544
770 0 627 526
770 1 606 544
771 0 627 526
771 1 607 544
772 0 627 526
772 1 607 543
773 0 627 526
773 1 608 541
774 0 627 526
774 1 610 540
775 0 627 526
775 1 611 540
776 0 627 526
776 1 611 539
777 0 627 526
777 1 612 537
778 0 627 526
778 1 613 536
779 0 627 526
779 1 614 536
780 0 627 526
780 1 615 536
781 0 627 526
781 1 615 535
782 0 627 526
782 1 615 534
783 0 627 526
783 1 615 535
784 0 627 526
784 1 615 534
785 0 627 526
785 1 615 535
786 0 627 526
786 1 615 534
787 0 627 526
787 1 615 535
788 0 627 526
788 1 615 534
789 0 628 525
789 1 615 534
790 0 629 524
790 1 615 534
791 0 628 524
791 1 615 534
792 0 629 524
792 1 616 534
793 0 628 524
793 1 617 534
794 0 629 523
794 1 616 533
795 0 629 521
795 1 617 532
796 0 629 520
796 1 617 533
797 0 630 520
797 1 617 532
798 0 631 519
798 1 617 532
799 0 630 517
799 1 618 532
800 0 631 517
800 1 619 532
801 0 630 516
801 1 618 531
802 0 631 516
802 1 619 530
803 0 630 516
803 1 619 530
804 0 631 515
804 1 620 530
805 0 630 514
805 1 621 530
806 0 631 514
806 1 621 529
807 0 630 514
807 1 622 528
808 0 631 514
808 1 623 528
809 0 631 514
809 1 623 528
810 0 631 514
810 1 623 528
811 0 631 513
811 1 623 528
812 0 631 512
812 1 624 528
813 0 631 512
813 1 625 527
814 0 631 512
814 1 625 526
815 0 631 512
815 1 625 527
816 0 631 511
816 1 625 526
817 0 631 510
817 1 625 526
818 0 630 510
818 1 625 526
819 0 631 510
819 1 626 526
820 0 630 510
820 1 627 525
821 0 630 510
821 1 626 524
822 0 630 510
822 1 628 524
823 0 630 509
823 1 628 524
824 0 630 508
824 1 629 524
825 0 629 508
825 1 628 524
826 0 629 508
826 1 629 524
827 0 629 508
827 1 628 523
828 0 629 508
828 1 629 523
829 0 629 508
829 1 629 523
830 0 629 507
830 1 629 522
831 0 628 505
831 1 629 523
832 0 628 505
832 1 629 522
833 0 627 504
833 1 630 521
834 0 625 504
834 1 631 520
835 0 625 504
835 1 631 520
836 0 624 503
836 1 632 520
837 0 624 502
837 1 633 519
838 0 624 502
838 1 632 518
839 0 623 501
839 1 633 518
840 0 622 500
840 1 633 518
841 0 623 501
841 1 633 517
842 0 622 500
842 1 633 516
843 0 623 500
843 1 633 516
844 0 622 500
844 1 633 516
845 0 623 500
845 1 633 516
846 0 622 500
846 1 633 516
847 0 622 499
847 1 632 515
848 0 622 498
848 1 633 514
849 0 622 499
849 1 632 514
850 0 622 498
850 1 633 514
851 0 622 499
851 1 632 513
852 0 621 498
852 1 632 512
853 0 620 498
853 1 632 513
854 0 620 498
854 1 632 512
855 0 619 497
855 1 631 512
856 0 618 496
856 1 630 512
857 0 617 496
857 1 630 510
858 0 616 496
858 1 629 510
859 0 615 495
859 1 628 509
860 0 613 494
860 1 627 507
861 0 612 494
861 1 626 506
862 0 612 494
862 1 626 505
863 0 612 494
863 1 626 504
864 0 612 494
864 1 625 504
865 0 612 494
865 1 625 504
866 0 611 494
866 1 624 503
867 0 610 494
867 1 625 501
868 0 611 494
868 1 623 500
869 0 610 494
869 1 622 500
870 0 610 494
870 1 623 500
871 0 609 494
871 1 622 500
872 0 607 494
872 1 622 500
873 0 606 494
873 1 622 500
874 0 605 494
874 1 622 500
875 0 604 494
875 1 621 500
876 0 603 494
876 1 620 500
877 0 601 494
877 1 620 500
878 0 600 494
878 1 620 500
879 0 599 494
879 1 619 500
880 0 598 494
880 1 618 500
881 0 598 494
881 1 618 498
882 0 597 494
882 1 617 498
883 0 595 495
883 1 616 497
884 0 594 495
884 1 615 495
885 0 594 495
885 1 614 495
886 0 594 495
886 1 614 494
887 0 594 495
887 1 613 494
888 0 594 495
888 1 611 493
889 0 594 495
889 1 611 492
890 0 593 495
890 1 610 492
891 0 592 495
891 1 610 492
892 0 593 495
892 1 609 492
893 0 592 495
893 1 608 492
894 0 593 495
894 1 608 491
895 0 592 495
895 1 607 490
896 0 593 495
896 1 606 491
897 0 592 495
897 1 605 490
898 0 593 495
898 1 604 491
899 0 592 495
899 1 605 490
900 0 592 494
900 1 604 491
901 0 591 494
901 1 605 490
902 0 590 494
902 1 604 491
903 0 589 494
903 1 605 490
904 0 587 493
904 1 604 491
905 0 586 491
905 1 604 491
906 0 586 490
906 1 604 491
907 0 585 490
907 1 604 492
908 0 584 489
908 1 603 493
909 0 585 487
909 1 602 493
910 0 583 485
910 1 602 494
911 0 583 484
911 1 602 496
912 0 582 484
912 1 601 497
913 0 582 483
913 1 600 497
914 0 582 481
914 1 600 498
915 0 582 479
915 1 599 499
916 0 581 478
916 1 598 499
917 0 580 478
917 1 599 499
918 0 581 476
918 1 598 500
919 0 579 475
919 1 599 501
920 0 579 473
920 1 598 500
921 0 578 472
921 1 598 501
922 0 579 472
922 1 599 500
923 0 578 471
923 1 598 501
924 0 578 470
924 1 599 500
925 0 578 470
925 1 598 501
926 0 578 470
926 1 599 500
927 0 578 470
927 1 598 501
928 0 578 470
928 1 599 500
929 0 578 470
929 1 599 500
930 0 578 470
930 1 599 500
931 0 577 470
931 1 599 500
932 0 577 470
932 1 599 500
933 0 577 470
933 1 599 500
934 0 577 470
934 1 598 500
935 0 577 470
935 1 599 500
936 0 577 470
936 1 598 500
937 0 576 470
937 1 598 500
938 0 577 470
938 1 598 500
939 0 576 470
939 1 598 500
940 0 577 470
940 1 598 500
941 0 576 470
941 1 597 500
942 0 576 470
942 1 596 500
943 0 576 470
943 1 597 500
944 0 576 470
944 1 596 500
945 0 576 470
945 1 596 499
946 0 576 470
946 1 596 498
947 0 576 470
947 1 596 498
948 0 577 470
948 1 596 498
949 0 576 471
949 1 596 498
950 0 577 471
950 1 596 497
951 0 577 471
951 1 596 496
952 0 576 471
952 1 597 495
953 0 577 471
953 1 596 494
954 0 577 471
954 1 597 494
955 0 577 471
955 1 597 494
956 0 577 470
956 1 597 494
957 0 578 470
957 1 598 494
958 0 579 470
958 1 599 494
959 0 578 470
959 1 598 494
960 0 579 469
960 1 599 494
961 0 579 468
961 1 598 494
962 0 579 469
962 1 599 493
963 0 579 468
963 1 598 492
964 0 579 469
964 1 598 492
965 0 579 468
965 1 598 492
966 0 579 469
966 1 598 492
967 0 579 468
967 1 598 492
968 0 579 469
968 1 598 492
969 0 579 468
969 1 598 492
970 0 579 469
970 1 599 492
971 0 579 468
971 1 598 492
972 0 580 469
972 1 599 492
973 0 581 468
973 1 598 492
974 0 580 469
974 1 599 492
975 0 581 468
975 1 598 492
976 0 581 468
976 1 599 492
977 0 581 468
977 1 598 492
978 0 581 468
978 1 599 492
979 0 581 468
979 1 598 492
980 0 581 468
980 1 599 492
981 0 581 468
981 1 598 492
982 0 581 468
982 1 599 492
983 0 581 468
983 1 598 492
984 0 581 468
984 1 599 492
985 0 581 468
985 1 598 492
986 0 581 468
986 1 599 492
987 0 581 468
987 1 598 493
988 0 581 468
988 1 598 492
989 0 582 468
989 1 598 493
990 0 583 468
990 1 597 493
991 0 582 468
991 1 596 493
992 0 583 468
992 1 596 493
993 0 582 468
993 1 596 493
994 0 583 468
994 1 596 493
995 0 582 468
995 1 596 493
996 0 583 468
996 1 596 493
997 0 583 468
997 1 596 493
998 0 583 468
998 1 596 493
999 0 583 468
999 1 596 493
1000 0 583 468
1000 1 596 493
1001 0 583 468
1001 1 596 492
1002 0 583 468
1002 1 596 493
1003 0 583 468
1003 1 596 492
1004 0 583 468
1004 1 596 493
1005 0 583 468
1005 1 596 492
1006 0 583 468
1006 1 596 493
1007 0 584 468
1007 1 596 493
1008 0 585 468
1008 1 596 493
1009 0 584 468
1009 1 596 493
1010 0 585 468
1010 1 596 493
1011 0 584 468
1011 1 596 493
1012 0 585 468
1012 1 596 493
1013 0 584 468
1013 1 596 493
1014 0 585 468
1014 1 596 493
1015 0 584 468
1015 1 596 493
1016 0 585 468
1016 1 596 493
1017 0 584 468
1017 1 596 492
1018 0 585 468
1018 1 596 493
1019 0 584 468
1019 1 596 492
1020 0 585 468
1020 1 596 492
1021 0 584 468
1021 1 596 492
1022 0 585 468
1022 1 596 492
1023 0 584 468
1023 1 596 492
1024 0 585 468
1024 1 596 492
1025 0 584 468
1025 1 596 492
1026 0 585 468
1026 1 596 492
1027 0 584 468
1027 1 596 493
1028 0 585 468
1028 1 596 492
1029 0 584 468
1029 1 596 493
1030 0 585 468
1030 1 596 492
1031 0 584 468
1031 1 596 493
1032 0 585 468
1032 1 596 492
1033 0 584 468
1033 1 596 493
1034 0 585 468
1034 1 596 492
1035 0 584 468
1035 1 596 492
1036 0 585 468
1036 1 596 492
1037 0 584 468
1037 1 596 492
1038 0 585 468
1038 1 596 492
1039 0 584 468
1039 1 596 492
1040 0 585 468
1040 1 596 492
1041 0 584 468
1041 1 596 492
1042 0 585 468
1042 1 596 492
1043 0 584 468
1043 1 596 492
1044 0 585 468
1044 1 596 492
1045 0 584 468
1045 1 596 492
1046 0 585 468
1046 1 596 492
1047 0 584 468
1047 1 596 491
1048 0 585 468
1048 1 596 490
1049 0 584 468
1049 1 597 490
1050 0 585 468
1050 1 596 490
1051 0 584 468
1051 1 597 490
1052 0 585 468
1052 1 597 490
1053 0 584 468
1053 1 597 490
1054 0 585 468
1054 1 597 490
1055 0 585 468
1055 1 597 490
1056 0 585 468
1056 1 597 490
1057 0 585 468
1057 1 598 490
1058 0 585 468
1058 1 598 490
1059 0 585 468
1059 1 598 490
1060 0 585 468
1060 1 598 490
1061 0 585 468
1061 1 598 489
1062 0 585 468
1062 1 598 488
1063 0 585 468
1063 1 597 487
1064 0 585 468
1064 1 597 486
1065 0 585 468
1065 1 597 486
1066 0 585 468
1066 1 597 486
1067 0 585 468
1067 1 598 486
1068 0 586 468
1068 1 600 485
1069 0 587 468
1069 1 600 484
1070 0 587 468
1070 1 601 484
1071 0 587 468
1071 1 600 484
1072 0 587 468
1072 1 601 484
1073 0 587 468
1073 1 600 484
1074 0 587 468
1074 1 600 484
1075 0 587 468
1075 1 600 484
1076 0 587 468
1076 1 599 484
1077 0 587 468
1077 1 597 483
1078 0 587 468
1078 1 595 482
1079 0 587 468
1079 1 594 482
1080 0 587 468
1080 1 595 481
1081 0 588 468
1081 1 594 480
1082 0 589 468
1082 1 593 480
1083 0 588 468
1083 1 592 480
1084 0 589 468
1084 1 592 479
1085 0 588 468
1085 1 601 496
1086 0 588 468
1086 1 601 496
1087 0 588 468
1087 1 601 495
1088 0 588 468
1088 1 601 494
1089 0 588 468
1089 1 601 495
1090 0 588 468
1090 1 601 494
1091 0 588 468
1091 1 601 494
1092 0 588 468
1092 1 601 494
1093 0 588 468
1093 1 601 494
1094 0 588 468
1094 1 601 494
1095 0 588 468
1095 1 601 494
1096 0 588 468
1096 1 601 494
1097 0 588 468
1097 1 601 494
1098 0 588 468
1098 1 601 494
1099 0 588 468
1099 1 601 494
1100 0 588 468
1100 1 601 494
1101 0 588 467
1101 1 601 494
1102 0 588 466
1102 1 601 494
1103 0 588 466
1103 1 601 494
1104 0 588 466
1104 1 601 494
1105 0 588 466
1105 1 601 494
1106 0 588 465
1106 1 601 494
1107 0 588 465
1107 1 601 494
1108 0 588 465
1108 1 601 494
1109 0 588 465
1109 1 601 494
1110 0 588 465
1110 1 601 494
1111 0 588 465
1111 1 601 494
1112 0 588 465
1112 1 601 494
1113 0 587 465
1113 1 601 494
1114 0 586 465
1114 1 601 494
1115 0 587 465
1115 1 601 494
1116 0 587 465
1116 1 601 494
1117 0 587 465
1117 1 601 494
1118 0 587 465
1118 1 601 494
1119 0 587 465
1119 1 601 494
1120 0 587 465
1120 1 601 494
1121 0 587 465
1121 1 601 494
1122 0 587 465
1122 1 601 494
1123 0 588 465
1123 1 601 494
1124 0 589 465
1124 1 601 494
1125 0 589 465
1125 1 601 494
1126 0 589 465
1126 1 601 494
1127 0 590 464
1127 1 601 494
1128 0 591 465
1128 1 601 494
1129 0 591 464
1129 1 601 494
1130 0 591 465
1130 1 601 494
1131 0 591 465
1131 1 601 494
1132 0 592 465
1132 1 601 494
1133 0 593 465
1133 1 601 494
1134 0 593 465
1134 1 601 494
1135 0 593 465
1135 1 601 494
1136 0 593 464
1136 1 601 494
1137 0 594 464
1137 1 600 494
1138 0 594 464
1138 1 601 494
1139 0 594 464
1139 1 600 494
1140 0 594 464
1140 1 601 494
1141 0 594 464
1141 1 600 494
1142 0 594 464
1142 1 601 494
1143 0 594 464
1143 1 600 494
1144 0 594 464
1144 1 601 494
1145 0 594 464
1145 1 600 494
1146 0 593 465
1146 1 601 494
1147 0 592 465
1147 1 600 494
1148 0 593 465
1148 1 601 494
1149 0 592 465
1149 1 600 494
1150 0 592 465
1150 1 601 494
1151 0 592 465
1151 1 600 494
1152 0 592 466
1152 1 601 494
1153 0 592 466
1153 1 600 494
1154 0 592 466
1154 1 600 494
1155 0 592 467
1155 1 600 494
1156 0 592 466
1156 1 600 494
1157 0 592 467
1157 1 600 494
1158 0 592 467
1158 1 599 493
1159 0 592 467
1159 1 598 492
1160 0 592 467
1160 1 598 493
1161 0 592 467
1161 1 598 492
1162 0 592 467
1162 1 598 493
1163 0 592 467
1163 1 598 490
1164 0 592 467
1164 1 598 491
1165 0 592 467
1165 1 598 490
1166 0 592 467
1166 1 598 490
1167 0 592 467
1167 1 598 489
1168 0 592 467
1168 1 598 488
1169 0 592 467
1169 1 598 488
1170 0 592 468
1170 1 598 487
1171 0 592 469
1171 1 598 486
1172 0 592 468
1172 1 599 486
1173 0 592 469
1173 1 599 486
1174 0 592 468
1174 1 600 485
1175 0 591 468
1175 1 601 484
1176 0 590 468
1176 1 601 485
1177 0 590 467
1177 1 601 484
1178 0 589 466
1178 1 601 485
1179 0 588 466
1179 1 601 484
RESET