FRAME   ID  X   Y (0 is Leader, 1 is Follower)
791 0 1017 506
791 1 1003 509
792 0 1019 506
792 1 1004 508
793 0 1021 506
793 1 1005 507
794 0 1022 505
794 1 1006 506
795 0 1024 505
795 1 1007 506
796 0 1025 505
796 1 1009 505
797 0 1026 504
797 1 1011 505
798 0 1026 504
798 1 1013 504
799 0 1026 504
799 1 1014 504
800 0 1026 504
800 1 1015 504
801 0 1026 504
801 1 1015 505
802 0 1026 504
802 1 1015 505
803 0 1027 504
803 1 1016 506
804 0 1027 504
804 1 1016 506
805 0 1028 504
805 1 1017 506
806 0 1029 504
806 1 1018 507
807 0 1031 504
807 1 1018 507
808 0 1033 504
808 1 1019 508
809 0 1035 504
809 1 1020 508
810 0 1038 503
810 1 1021 508
811 0 1039 503
811 1 1022 508
812 0 1040 503
812 1 1024 508
813 0 1040 503
813 1 1025 508
814 0 1041 502
814 1 1027 507
815 0 1041 502
815 1 1028 507
816 0 1041 502
816 1 1030 505
817 0 1042 502
817 1 1031 504
818 0 1043 501
818 1 1031 503
819 0 1043 501
819 1 1031 503
820 0 1043 501
820 1 1032 501
821 0 1043 501
821 1 1032 501
822 0 1043 501
822 1 1033 501
823 0 1043 501
823 1 1034 501
824 0 1043 501
824 1 1034 501
825 0 1043 501
825 1 1035 502
826 0 1043 502
826 1 1035 502
827 0 1044 502
827 1 1035 502
828 0 1045 502
828 1 1034 503
829 0 1046 501
829 1 1034 503
830 0 1048 501
830 1 1035 504
831 0 1050 500
831 1 1035 504
832 0 1051 500
832 1 1036 505
833 0 1053 499
833 1 1037 505
834 0 1054 499
834 1 1038 505
835 0 1054 499
835 1 1040 506
836 0 1054 499
836 1 1041 506
837 0 1054 499
837 1 1043 506
838 0 1054 500
838 1 1045 506
839 0 1055 500
839 1 1046 506
840 0 1056 500
840 1 1046 506
841 0 1058 500
841 1 1047 505
842 0 1060 500
842 1 1046 505
843 0 1060 501
843 1 1046 503
844 0 1060 501
844 1 1046 503
845 0 1060 501
845 1 1045 503
846 0 1060 501
846 1 1045 503
847 0 1060 502
847 1 1045 502
848 0 1060 502
848 1 1044 503
849 0 1060 502
849 1 1044 502
850 0 1060 502
850 1 1045 501
851 0 1060 502
851 1 1046 500
852 0 1060 502
852 1 1047 499
853 0 1060 502
853 1 1047 497
854 0 1060 502
854 1 1048 497
855 0 1060 502
855 1 1050 496
856 0 1060 502
856 1 1051 495
857 0 1060 502
857 1 1052 494
858 0 1060 502
858 1 1054 494
859 0 1060 502
859 1 1054 494
860 0 1060 502
860 1 1055 494
861 0 1060 502
861 1 1056 493
862 0 1060 502
862 1 1056 493
863 0 1060 502
863 1 1057 493
864 0 1060 502
864 1 1057 493
865 0 1061 502
865 1 1057 493
866 0 1061 503
866 1 1057 493
867 0 1061 503
867 1 1057 493
868 0 1062 503
868 1 1057 493
869 0 1062 503
869 1 1057 493
870 0 1063 504
870 1 1057 493
871 0 1064 504
871 1 1057 493
872 0 1065 504
872 1 1057 493
873 0 1066 505
873 1 1057 493
874 0 1067 505
874 1 1057 493
875 0 1069 505
875 1 1057 493
876 0 1070 505
876 1 1057 493
877 0 1072 505
877 1 1057 493
878 0 1073 505
878 1 1057 494
879 0 1073 505
879 1 1058 495
880 0 1074 505
880 1 1058 496
881 0 1074 505
881 1 1058 497
882 0 1075 505
882 1 1058 498
883 0 1075 505
883 1 1058 500
884 0 1075 505
884 1 1058 501
885 0 1075 505
885 1 1058 502
886 0 1075 505
886 1 1058 504
887 0 1075 506
887 1 1059 505
888 0 1075 506
888 1 1060 506
889 0 1075 506
889 1 1061 508
890 0 1075 506
890 1 1062 509
891 0 1075 506
891 1 1063 510
892 0 1075 506
892 1 1064 510
893 0 1075 506
893 1 1065 510
894 0 1076 506
894 1 1065 510
895 0 1077 506
895 1 1066 511
896 0 1078 506
896 1 1066 511
897 0 1079 505
897 1 1066 511
898 0 1080 505
898 1 1066 511
899 0 1082 505
899 1 1067 511
900 0 1084 505
900 1 1067 511
901 0 1085 505
901 1 1068 512
902 0 1087 505
902 1 1069 512
903 0 1088 505
903 1 1070 512
904 0 1089 505
904 1 1071 512
905 0 1089 505
905 1 1071 512
906 0 1090 505
906 1 1072 511
907 0 1091 505
907 1 1072 511
908 0 1093 505
908 1 1073 510
909 0 1094 505
909 1 1074 509
910 0 1096 505
910 1 1075 508
911 0 1097 505
911 1 1076 507
912 0 1098 505
912 1 1078 506
913 0 1100 505
913 1 1079 505
914 0 1101 505
914 1 1081 504
915 0 1102 505
915 1 1083 503
916 0 1103 505
916 1 1085 502
917 0 1103 505
917 1 1086 502
918 0 1104 505
918 1 1086 502
919 0 1105 505
919 1 1087 502
920 0 1106 505
920 1 1089 502
921 0 1108 505
921 1 1091 501
922 0 1109 506
922 1 1092 501
923 0 1111 507
923 1 1093 501
924 0 1113 507
924 1 1094 501
925 0 1114 508
925 1 1095 502
926 0 1116 509
926 1 1097 503
927 0 1117 509
927 1 1098 503
928 0 1119 511
928 1 1100 505
929 0 1119 512
929 1 1101 505
930 0 1120 513
930 1 1103 506
931 0 1120 513
931 1 1104 507
932 0 1120 513
932 1 1105 507
933 0 1120 513
933 1 1106 507
934 0 1120 513
934 1 1107 507
935 0 1120 513
935 1 1107 507
936 0 1120 514
936 1 1108 507
937 0 1121 515
937 1 1109 507
RESET
938 0 1121 516
938 1 1110 507
939 0 1121 516
939 1 1111 508
940 0 1121 516
940 1 1111 508
941 0 1121 516
941 1 1112 508
942 0 1121 516
942 1 1112 508
943 0 1121 516
943 1 1112 508
944 0 1121 516
944 1 1112 508
945 0 1121 516
945 1 1112 508
946 0 1121 516
946 1 1112 508
947 0 1122 516
947 1 1112 508
948 0 1123 517
948 1 1112 508
949 0 1124 517
949 1 1112 508
950 0 1125 517
950 1 1113 508
951 0 1127 519
951 1 1114 509
952 0 1129 520
952 1 1116 510
953 0 1131 521
953 1 1117 510
954 0 1132 521
954 1 1118 511
955 0 1132 521
955 1 1120 511
956 0 1132 521
956 1 1121 512
957 0 1132 521
957 1 1122 512
958 0 1132 521
958 1 1123 512
959 0 1132 521
959 1 1123 512
960 0 1134 523
960 1 1123 512
961 0 1135 523
961 1 1124 513
962 0 1137 523
962 1 1124 513
963 0 1139 524
963 1 1125 515
964 0 1140 525
964 1 1125 516
965 0 1142 525
965 1 1125 517
966 0 1142 525
966 1 1125 519
967 0 1143 525
967 1 1126 520
968 0 1143 526
968 1 1127 522
969 0 1144 526
969 1 1127 523
970 0 1145 527
970 1 1128 525
971 0 1145 527
971 1 1129 526
972 0 1145 527
972 1 1130 527
973 0 1145 527
973 1 1131 527
974 0 1146 527
974 1 1132 528
975 0 1146 527
975 1 1133 528
976 0 1146 527
976 1 1133 528
977 0 1146 527
977 1 1133 528
978 0 1146 527
978 1 1133 528
979 0 1147 527
979 1 1133 528
980 0 1149 527
980 1 1133 528
981 0 1151 527
981 1 1133 528
982 0 1153 529
982 1 1134 528
983 0 1155 529
983 1 1135 528
984 0 1156 529
984 1 1137 527
985 0 1157 530
985 1 1138 526
986 0 1157 530
986 1 1140 525
987 0 1158 530
987 1 1141 524
988 0 1158 530
988 1 1143 524
989 0 1158 530
989 1 1145 522
990 0 1158 530
990 1 1147 521
991 0 1158 530
991 1 1149 521
992 0 1158 530
992 1 1150 520
993 0 1158 530
993 1 1151 520
994 0 1158 530
994 1 1152 520
995 0 1158 530
995 1 1153 521
996 0 1158 530
996 1 1153 521
997 0 1158 530
997 1 1153 520
998 0 1159 531
998 1 1154 520
999 0 1160 531
999 1 1154 520
1000 0 1162 532
1000 1 1154 520
1001 0 1164 533
1001 1 1154 520
1002 0 1166 534
1002 1 1154 520
1003 0 1166 534
1003 1 1155 520
1004 0 1166 534
1004 1 1155 521
1005 0 1166 534
1005 1 1155 522
1006 0 1166 534
1006 1 1156 523
1007 0 1166 534
1007 1 1156 524
1008 0 1166 534
1008 1 1156 525
1009 0 1166 534
1009 1 1156 526
1010 0 1166 534
1010 1 1157 528
1011 0 1166 534
1011 1 1157 529
1012 0 1167 534
1012 1 1157 531
1013 0 1168 534
1013 1 1157 531
1014 0 1168 534
1014 1 1157 532
1015 0 1169 535
1015 1 1157 533
1016 0 1170 535
1016 1 1157 534
1017 0 1171 535
1017 1 1158 535
1018 0 1172 535
1018 1 1158 537
1019 0 1173 535
1019 1 1158 538
1020 0 1173 535
1020 1 1159 539
1021 0 1173 535
1021 1 1160 540
1022 0 1173 535
1022 1 1161 540
1023 0 1173 535
1023 1 1162 541
1024 0 1173 535
1024 1 1162 541
1025 0 1173 535
1025 1 1163 541
1026 0 1173 535
1026 1 1163 541
1027 0 1173 535
1027 1 1163 541
1028 0 1174 535
1028 1 1164 541
1029 0 1174 535
1029 1 1164 541
1030 0 1175 535
1030 1 1164 541
1031 0 1176 535
1031 1 1164 541
1032 0 1178 535
1032 1 1165 541
1033 0 1179 535
1033 1 1165 541
1034 0 1180 535
1034 1 1164 541
1035 0 1181 536
1035 1 1164 541
1036 0 1181 536
1036 1 1164 541
1037 0 1181 536
1037 1 1164 541
1038 0 1182 536
1038 1 1165 541
1039 0 1183 537
1039 1 1166 541
1040 0 1184 538
1040 1 1167 540
1041 0 1185 539
1041 1 1169 539
1042 0 1185 539
1042 1 1170 537
1043 0 1185 540
1043 1 1171 535
1044 0 1185 540
1044 1 1173 533
1045 0 1185 541
1045 1 1174 532
1046 0 1185 541
1046 1 1175 530
1047 0 1185 541
1047 1 1177 529
1048 0 1185 541
1048 1 1179 528
1049 0 1185 541
1049 1 1181 526
1050 0 1185 541
1050 1 1183 525
1051 0 1185 541
1051 1 1185 524
1052 0 1185 541
1052 1 1186 524
1053 0 1185 541
1053 1 1188 523
1054 0 1185 541
1054 1 1190 523
1055 0 1185 541
1055 1 1192 523
1056 0 1185 541
1056 1 1194 523
1057 0 1185 541
1057 1 1195 523
1058 0 1185 541
1058 1 1196 523
1059 0 1185 541
1059 1 1197 524
1060 0 1185 541
1060 1 1199 524
1061 0 1185 541
1061 1 1200 525
1062 0 1185 541
1062 1 1201 526
1063 0 1185 541
1063 1 1202 527
1064 0 1185 541
1064 1 1203 528
1065 0 1185 541
1065 1 1203 528
1066 0 1185 541
1066 1 1203 528
1067 0 1185 541
1067 1 1203 528
1068 0 1185 541
1068 1 1202 528
1069 0 1185 541
1069 1 1202 528
1070 0 1185 541
1070 1 1202 528
1071 0 1185 541
1071 1 1202 528
1072 0 1185 541
1072 1 1202 527
1073 0 1185 541
1073 1 1203 527
1074 0 1185 541
1074 1 1203 526
1075 0 1185 541
1075 1 1204 525
1076 0 1185 541
1076 1 1205 524
1077 0 1185 541
1077 1 1205 524
1078 0 1185 541
1078 1 1205 523
1079 0 1185 541
1079 1 1205 522
1080 0 1185 541
1080 1 1205 521
1081 0 1185 541
1081 1 1204 519
1082 0 1185 541
1082 1 1203 518
1083 0 1185 541
1083 1 1202 516
1084 0 1185 541
1084 1 1201 515
1085 0 1185 541
1085 1 1199 515
1086 0 1185 541
1086 1 1198 514
1087 0 1185 541
1087 1 1198 514
1088 0 1185 541
1088 1 1197 514
1089 0 1185 541
1089 1 1197 514
1090 0 1185 541
1090 1 1196 514
1091 0 1185 541
1091 1 1195 514
1092 0 1185 541
1092 1 1195 514
1093 0 1185 541
1093 1 1195 514
1094 0 1185 541
1094 1 1194 515
1095 0 1185 541
1095 1 1194 516
1096 0 1185 541
1096 1 1193 517
1097 0 1185 541
1097 1 1192 518
1098 0 1185 541
1098 1 1192 519
1099 0 1185 541
1099 1 1192 519
1100 0 1185 541
1100 1 1191 519
1101 0 1185 541
1101 1 1190 520
1102 0 1185 541
1102 1 1189 521
1103 0 1185 541
1103 1 1189 522
1104 0 1185 541
1104 1 1188 523
1105 0 1185 541
1105 1 1187 524
1106 0 1185 541
1106 1 1188 525
1107 0 1185 541
1107 1 1188 526
1108 0 1185 541
1108 1 1187 527
1109 0 1185 541
1109 1 1187 527
1110 0 1185 541
1110 1 1187 528
1111 0 1186 541
1111 1 1186 529
1112 0 1186 542
1112 1 1186 529
1113 0 1187 542
1113 1 1186 529
RESET
1114 0 1188 542
1114 1 1185 530
1115 0 1189 543
1115 1 1184 531
1116 0 1189 543
1116 1 1184 532
1117 0 1189 543
1117 1 1183 533
1118 0 1189 543
1118 1 1182 535
1119 0 1189 543
1119 1 1182 535
1120 0 1189 543
1120 1 1181 536
1121 0 1189 543
1121 1 1181 536
1122 0 1189 543
1122 1 1181 536
1123 0 1189 543
1123 1 1181 536
1124 0 1189 543
1124 1 1181 536
1125 0 1189 543
1125 1 1181 536
1126 0 1189 543
1126 1 1181 536
1127 0 1190 543
1127 1 1181 536
1128 0 1190 543
1128 1 1181 536
1129 0 1190 543
1129 1 1181 536
1130 0 1190 543
1130 1 1181 536
1131 0 1190 543
1131 1 1181 536
1132 0 1190 543
1132 1 1181 536
1133 0 1190 543
1133 1 1181 536
1134 0 1191 543
1134 1 1181 536
1135 0 1192 543
1135 1 1182 536
1136 0 1193 543
1136 1 1182 537
1137 0 1194 543
1137 1 1182 537
1138 0 1195 543
1138 1 1182 538
1139 0 1197 544
1139 1 1183 538
1140 0 1199 544
1140 1 1184 539
1141 0 1201 544
1141 1 1185 539
1142 0 1203 545
1142 1 1186 541
1143 0 1204 545
1143 1 1187 542
1144 0 1204 545
1144 1 1189 543
1145 0 1205 545
1145 1 1190 544
1146 0 1205 545
1146 1 1191 545
1147 0 1205 545
1147 1 1192 545
1148 0 1205 545
1148 1 1192 545
1149 0 1205 545
1149 1 1193 546
1150 0 1205 545
1150 1 1193 546
1151 0 1205 545
1151 1 1194 546
1152 0 1205 545
1152 1 1194 547
1153 0 1205 545
1153 1 1194 547
1154 0 1206 545
1154 1 1194 547
1155 0 1206 545
1155 1 1194 547
1156 0 1207 545
1156 1 1194 547
1157 0 1208 545
1157 1 1194 547
1158 0 1209 545
1158 1 1194 547
1159 0 1210 545
1159 1 1194 547
1160 0 1212 545
1160 1 1195 547
1161 0 1214 545
1161 1 1196 546
1162 0 1215 545
1162 1 1198 545
1163 0 1216 545
1163 1 1199 544
1164 0 1217 545
1164 1 1201 544
1165 0 1217 545
1165 1 1203 544
1166 0 1217 545
1166 1 1204 544
1167 0 1218 545
1167 1 1206 543
1168 0 1219 545
1168 1 1207 543
1169 0 1221 544
1169 1 1207 543
1170 0 1222 544
1170 1 1208 543
1171 0 1223 544
1171 1 1210 543
1172 0 1225 544
1172 1 1211 543
1173 0 1226 544
1173 1 1212 544
1174 0 1227 544
1174 1 1213 545
1175 0 1229 544
1175 1 1215 545
1176 0 1231 544
1176 1 1216 546
1177 0 1232 544
1177 1 1217 546
1178 0 1233 544
1178 1 1218 547
1179 0 1234 544
1179 1 1220 547
1180 0 1234 544
1180 1 1221 547
1181 0 1234 544
1181 1 1222 547
1182 0 1235 544
1182 1 1223 547
1183 0 1236 545
1183 1 1225 546
1184 0 1237 545
1184 1 1226 545
1185 0 1238 546
1185 1 1227 544
1186 0 1239 547
1186 1 1229 542
1187 0 1240 547
1187 1 1231 541
1188 0 1241 548
1188 1 1232 540
1189 0 1241 549
1189 1 1232 540
1190 0 1241 549
1190 1 1233 539
1191 0 1241 549
1191 1 1235 538
1192 0 1241 549
1192 1 1236 537
1193 0 1241 549
1193 1 1237 536
1194 0 1241 549
1194 1 1238 535
1195 0 1241 549
1195 1 1239 534
1196 0 1241 549
1196 1 1240 533
1197 0 1241 549
1197 1 1240 533
1198 0 1241 549
1198 1 1241 533
1199 0 1241 549
1199 1 1242 533
1200 0 1241 549
1200 1 1244 534
1201 0 1241 549
1201 1 1244 534
1202 0 1241 549
1202 1 1245 535
1203 0 1241 549
1203 1 1246 536
1204 0 1242 550
1204 1 1247 537
1205 0 1242 550
1205 1 1247 537
1206 0 1242 550
1206 1 1247 538
1207 0 1242 550
1207 1 1247 539
1208 0 1242 550
1208 1 1248 540
1209 0 1242 550
1209 1 1248 541
1210 0 1242 550
1210 1 1248 541
1211 0 1242 550
1211 1 1248 541
1212 0 1242 550
1212 1 1248 541
1213 0 1242 550
1213 1 1248 540
1214 0 1243 551
1214 1 1248 540
1215 0 1243 551
1215 1 1248 540
1216 0 1243 551
1216 1 1248 540
1217 0 1244 552
1217 1 1248 540
1218 0 1245 553
1218 1 1248 540
1219 0 1246 553
1219 1 1247 540
1220 0 1248 553
1220 1 1247 541
1221 0 1250 554
1221 1 1247 541
1222 0 1250 554
1222 1 1247 542
1223 0 1251 554
1223 1 1247 543
1224 0 1251 554
1224 1 1246 544
1225 0 1251 554
1225 1 1245 546
1226 0 1251 554
1226 1 1245 547
1227 0 1251 554
1227 1 1245 548
1228 0 1251 554
1228 1 1244 550
1229 0 1251 554
1229 1 1243 552
1230 0 1251 554
1230 1 1243 553
1231 0 1251 554
1231 1 1243 554
1232 0 1251 554
1232 1 1243 554
1233 0 1251 554
1233 1 1243 556
1234 0 1251 554
1234 1 1244 558
1235 0 1251 554
1235 1 1245 558
1236 0 1251 554
1236 1 1246 559
1237 0 1251 554
1237 1 1246 560
1238 0 1251 554
1238 1 1247 560
1239 0 1251 554
1239 1 1247 560
1240 0 1251 554
1240 1 1247 560
1241 0 1251 554
1241 1 1248 561
1242 0 1251 554
1242 1 1248 561
1243 0 1251 554
1243 1 1248 561
1244 0 1251 554
1244 1 1248 561
1245 0 1251 554
1245 1 1248 561
1246 0 1251 554
1246 1 1248 561
1247 0 1251 554
1247 1 1248 561
1248 0 1251 554
1248 1 1248 561
1249 0 1251 554
1249 1 1248 561
1250 0 1251 554
1250 1 1248 561
1251 0 1251 554
1251 1 1248 561
1252 0 1251 554
1252 1 1248 561
1253 0 1251 554
1253 1 1248 561
1254 0 1251 554
1254 1 1248 561
1255 0 1251 554
1255 1 1248 561
1256 0 1252 554
1256 1 1248 561
1257 0 1252 554
1257 1 1248 561
1258 0 1252 554
1258 1 1248 561
1259 0 1253 554
1259 1 1248 561
1260 0 1253 554
1260 1 1248 561
1261 0 1254 555
1261 1 1247 561
1262 0 1254 555
1262 1 1247 561
1263 0 1253 555
1263 1 1247 561
1264 0 1253 555
1264 1 1247 561
1265 0 1253 555
1265 1 1247 561
1266 0 1253 555
1266 1 1247 561
1267 0 1253 555
1267 1 1247 561
1268 0 1253 555
1268 1 1248 561
1269 0 1253 555
1269 1 1248 561
1270 0 1253 554
1270 1 1248 561