FRAME   ID  X   Y (0 is Leader, 1 is Follower)
501 0 600 496
501 1 603 513
502 0 600 495
502 1 603 513
503 0 600 495
503 1 603 513
504 0 600 494
504 1 603 513
505 0 600 493
505 1 603 513
506 0 600 492
506 1 603 513
507 0 600 491
507 1 603 513
508 0 600 490
508 1 603 513
509 0 600 489
509 1 603 513
510 0 600 489
510 1 603 513
511 0 600 489
511 1 603 513
512 0 600 488
512 1 603 512
513 0 600 488
513 1 603 512
514 0 600 488
514 1 603 512
515 0 600 488
515 1 603 512
516 0 600 488
516 1 603 512
517 0 600 488
517 1 603 511
518 0 600 488
518 1 603 511
519 0 600 488
519 1 602 510
520 0 600 488
520 1 602 509
521 0 600 488
521 1 602 509
522 0 600 488
522 1 602 508
523 0 600 488
523 1 602 508
524 0 600 488
524 1 601 507
525 0 601 488
525 1 601 506
526 0 601 488
526 1 601 506
527 0 601 488
527 1 601 506
528 0 602 488
528 1 601 506
529 0 602 488
529 1 601 506
530 0 603 487
530 1 601 505
531 0 603 487
531 1 601 505
532 0 604 487
532 1 601 505
533 0 605 487
533 1 600 504
534 0 606 486
534 1 600 504
535 0 607 485
535 1 600 503
536 0 607 485
536 1 600 503
537 0 608 484
537 1 600 502
538 0 608 484
538 1 600 502
539 0 608 484
539 1 600 501
540 0 608 484
540 1 600 501
541 0 608 484
541 1 599 500
542 0 608 484
542 1 599 500
543 0 608 484
543 1 599 499
544 0 609 483
544 1 599 499
545 0 609 483
545 1 599 499
546 0 609 483
546 1 599 498
547 0 610 482
547 1 599 497
548 0 611 481
548 1 599 497
549 0 612 479
549 1 599 497
550 0 612 479
550 1 599 496
551 0 612 478
551 1 599 496
552 0 612 478
552 1 599 496
553 0 612 478
553 1 599 495
554 0 612 477
554 1 599 495
555 0 612 477
555 1 600 494
556 0 612 477
556 1 600 494
557 0 612 477
557 1 600 493
558 0 612 477
558 1 600 492
559 0 612 477
559 1 601 491
560 0 612 477
560 1 601 490
561 0 612 477
561 1 601 490
562 0 612 477
562 1 601 490
563 0 612 477
563 1 601 490
564 0 612 477
564 1 602 489
565 0 612 477
565 1 602 489
566 0 612 476
566 1 602 489
567 0 612 476
567 1 602 488
568 0 612 475
568 1 602 488
569 0 612 474
569 1 602 488
570 0 612 473
570 1 602 488
571 0 612 472
571 1 602 488
572 0 612 471
572 1 603 487
573 0 612 470
573 1 603 487
574 0 612 469
574 1 603 487
575 0 612 468
575 1 604 486
576 0 612 468
576 1 604 486
577 0 612 468
577 1 604 485
578 0 612 468
578 1 605 485
579 0 612 468
579 1 606 484
580 0 612 468
580 1 606 484
581 0 612 468
581 1 607 483
582 0 612 468
582 1 607 483
583 0 612 468
583 1 607 483
584 0 612 468
584 1 607 483
585 0 612 468
585 1 607 483
586 0 612 468
586 1 607 483
587 0 612 468
587 1 608 483
588 0 612 468
588 1 608 483
589 0 612 468
589 1 608 483
590 0 612 468
590 1 608 482
591 0 612 468
591 1 608 482
592 0 612 468
592 1 608 482
593 0 612 467
593 1 608 482
594 0 612 467
594 1 608 482
595 0 612 467
595 1 608 481
596 0 612 466
596 1 609 481
597 0 612 465
597 1 608 480
598 0 613 465
598 1 609 480
599 0 613 464
599 1 609 479
600 0 613 463
600 1 609 479
601 0 613 462
601 1 609 478
602 0 613 462
602 1 609 478
603 0 613 462
603 1 609 478
604 0 613 462
604 1 609 477
605 0 614 461
605 1 610 477
606 0 614 461
606 1 610 477
607 0 614 461
607 1 610 476
608 0 614 461
608 1 610 476
609 0 614 461
609 1 610 475
610 0 614 461
610 1 610 475
611 0 614 461
611 1 610 474
612 0 614 461
612 1 610 473
613 0 614 461
613 1 610 473
614 0 614 461
614 1 610 473
615 0 615 460
615 1 610 472
616 0 615 460
616 1 610 472
617 0 616 460
617 1 610 471
618 0 616 460
618 1 610 471
619 0 617 459
619 1 610 470
620 0 618 459
620 1 609 469
621 0 619 459
621 1 610 469
622 0 620 459
622 1 610 468
623 0 620 459
623 1 610 467
624 0 621 459
624 1 610 466
625 0 621 459
625 1 610 466
626 0 622 459
626 1 610 465
627 0 622 459
627 1 610 465
628 0 622 459
628 1 610 465
629 0 622 459
629 1 611 465
630 0 622 459
630 1 611 465
631 0 622 459
631 1 611 464
632 0 623 459
632 1 611 464
633 0 624 459
633 1 612 463
634 0 624 459
634 1 613 462
635 0 625 459
635 1 613 462
636 0 625 459
636 1 613 462
637 0 626 459
637 1 613 462
638 0 628 460
638 1 613 461
639 0 629 460
639 1 614 461
640 0 630 460
640 1 614 461
641 0 630 460
641 1 614 461
642 0 630 460
642 1 614 461
643 0 630 460
643 1 615 460
644 0 630 460
644 1 615 460
645 0 630 460
645 1 615 460
646 0 630 460
646 1 616 460
647 0 630 460
647 1 616 460
648 0 630 460
648 1 616 460
649 0 630 460
649 1 616 460
650 0 630 460
650 1 616 460
651 0 630 460
651 1 616 460
652 0 630 460
652 1 616 460
653 0 630 460
653 1 616 460
654 0 630 460
654 1 616 460
655 0 630 460
655 1 616 460
656 0 630 460
656 1 616 460
657 0 630 460
657 1 616 460
658 0 630 460
658 1 616 460
659 0 630 460
659 1 616 460
660 0 630 460
660 1 616 460
661 0 630 460
661 1 616 460
662 0 630 460
662 1 616 460
663 0 630 460
663 1 616 460
664 0 630 460
664 1 616 460
665 0 630 460
665 1 616 460
666 0 630 460
666 1 616 460
667 0 630 460
667 1 616 460
668 0 630 460
668 1 616 460
669 0 630 460
669 1 616 460
670 0 630 460
670 1 616 460
671 0 630 460
671 1 616 460
672 0 630 460
672 1 616 460
673 0 630 460
673 1 616 460
674 0 630 460
674 1 616 460
675 0 630 460
675 1 617 460
676 0 630 460
676 1 617 460
677 0 630 460
677 1 617 460
678 0 630 460
678 1 617 460
679 0 630 460
679 1 618 460
680 0 630 460
680 1 618 460
681 0 630 460
681 1 618 460
682 0 630 460
682 1 618 460
683 0 631 460
683 1 618 460
684 0 631 460
684 1 618 460
685 0 632 461
685 1 619 460
686 0 633 461
686 1 619 460
687 0 634 461
687 1 620 460
688 0 635 461
688 1 620 460
689 0 640 457
689 1 619 458
690 0 640 457
690 1 620 458
691 0 641 456
691 1 621 458
692 0 641 456
692 1 622 458
693 0 641 455
693 1 623 459
694 0 641 455
694 1 623 459
695 0 641 455
695 1 624 459
696 0 641 454
696 1 624 459
697 0 641 454
697 1 625 459
698 0 641 454
698 1 625 459
699 0 641 454
699 1 625 459
700 0 641 454
700 1 625 460
701 0 641 454
701 1 625 460
702 0 641 454
702 1 626 460
703 0 641 454
703 1 626 460
704 0 641 454
704 1 626 460
705 0 641 454
705 1 626 460
706 0 641 454
706 1 626 460
707 0 641 454
707 1 626 460
708 0 641 454
708 1 626 460
709 0 641 454
709 1 626 460
710 0 641 454
710 1 626 460
711 0 641 454
711 1 627 460
712 0 641 454
712 1 627 460
713 0 641 454
713 1 628 460
714 0 641 454
714 1 629 459
715 0 641 454
715 1 629 459
716 0 641 454
716 1 629 459
717 0 641 454
717 1 629 459
718 0 642 453
718 1 630 459
719 0 642 453
719 1 630 459
720 0 643 452
720 1 631 459
721 0 644 452
721 1 632 459
722 0 645 451
722 1 632 458
723 0 646 451
723 1 633 458
724 0 647 450
724 1 634 458
725 0 647 450
725 1 634 458
726 0 648 450
726 1 635 458
727 0 648 450
727 1 636 457
728 0 648 450
728 1 637 456
729 0 648 450
729 1 637 456
730 0 649 450
730 1 637 456
731 0 649 450
731 1 637 456
732 0 650 450
732 1 637 456
733 0 657 452
733 1 641 454
734 0 658 453
734 1 641 454
735 0 658 454
735 1 641 454
736 0 658 454
736 1 641 454
737 0 658 454
737 1 641 454
738 0 658 454
738 1 642 453
739 0 658 454
739 1 643 453
740 0 659 455
740 1 644 452
741 0 659 455
741 1 645 451
742 0 659 455
742 1 645 451
743 0 659 455
743 1 646 450
744 0 659 455
744 1 647 450
745 0 660 455
745 1 648 449
746 0 660 455
746 1 649 448
747 0 660 455
747 1 650 448
748 0 660 455
748 1 651 447
749 0 660 455
749 1 652 447
750 0 660 455
750 1 652 447
751 0 661 455
751 1 652 446
752 0 661 455
752 1 652 446
753 0 661 455
753 1 653 446
754 0 661 455
754 1 653 446
755 0 662 455
755 1 653 446
756 0 662 455
756 1 653 446
757 0 663 456
757 1 653 446
758 0 664 456
758 1 653 446
759 0 664 456
759 1 653 446
760 0 664 456
760 1 653 446
761 0 664 456
761 1 653 446
762 0 665 456
762 1 653 446
763 0 665 456
763 1 653 446
764 0 665 456
764 1 653 446
765 0 665 456
765 1 653 446
766 0 665 456
766 1 653 446
767 0 665 456
767 1 653 446
768 0 665 456
768 1 653 446
769 0 665 456
769 1 653 446
770 0 665 456
770 1 653 446
771 0 666 456
771 1 653 446
772 0 667 456
772 1 653 446
773 0 668 456
773 1 653 446
774 0 668 456
774 1 653 446
775 0 669 457
775 1 653 446
776 0 669 457
776 1 654 446
777 0 669 457
777 1 654 447
778 0 669 458
778 1 655 447
779 0 669 458
779 1 656 448
780 0 669 458
780 1 657 448
781 0 669 458
781 1 657 448
782 0 669 458
782 1 657 449
783 0 669 459
783 1 657 449
784 0 669 459
784 1 658 450
785 0 669 459
785 1 658 450
786 0 669 460
786 1 658 450
787 0 669 461
787 1 658 450
788 0 669 461
788 1 658 451
789 0 669 462
789 1 658 451
790 0 669 462
790 1 658 451
791 0 669 462
791 1 658 451
792 0 669 462
792 1 659 452
793 0 669 462
793 1 659 452
794 0 669 462
794 1 660 452
795 0 669 462
795 1 661 452
796 0 669 462
796 1 662 452
797 0 669 462
797 1 663 452
798 0 669 462
798 1 664 453
799 0 669 462
799 1 665 453
800 0 669 462
800 1 666 453
801 0 669 462
801 1 667 453
802 0 669 462
802 1 668 453
803 0 669 463
803 1 668 453
804 0 669 463
804 1 669 453
805 0 670 463
805 1 669 453
806 0 670 463
806 1 669 453
807 0 671 464
807 1 670 453
808 0 671 464
808 1 670 453
809 0 671 464
809 1 670 453
810 0 671 464
810 1 670 453
811 0 671 464
811 1 670 453
812 0 671 464
812 1 670 453
813 0 670 464
813 1 670 453
814 0 670 464
814 1 670 453
815 0 669 464
815 1 670 453
816 0 668 464
816 1 670 453
817 0 668 464
817 1 671 453
818 0 668 464
818 1 671 453
819 0 668 464
819 1 671 454
820 0 668 465
820 1 672 455
821 0 668 466
821 1 672 456
822 0 668 467
822 1 672 457
823 0 668 468
823 1 672 458
824 0 668 469
824 1 672 459
825 0 668 470
825 1 672 459
826 0 668 470
826 1 672 459
827 0 668 470
827 1 672 460
828 0 668 470
828 1 672 461
829 0 668 471
829 1 672 462
830 0 668 472
830 1 672 463
831 0 668 472
831 1 672 464
832 0 668 472
832 1 672 464
833 0 668 472
833 1 672 465
834 0 668 472
834 1 672 466
835 0 668 472
835 1 673 467
836 0 668 472
836 1 673 467
837 0 668 472
837 1 673 468
838 0 668 472
838 1 673 468
839 0 668 472
839 1 673 468
840 0 668 472
840 1 672 468
841 0 667 472
841 1 672 468
842 0 667 472
842 1 672 468
843 0 667 472
843 1 672 468
RESET
844 0 674 474
844 1 687 478
845 0 674 474
845 1 687 478
846 0 674 474
846 1 687 478
847 0 674 474
847 1 687 478
848 0 674 474
848 1 688 479
849 0 674 474
849 1 688 480
850 0 674 474
850 1 689 481
851 0 673 474
851 1 690 482
852 0 673 474
852 1 690 483
853 0 673 474
853 1 690 483
854 0 673 474
854 1 690 483
855 0 673 473
855 1 690 483
856 0 673 473
856 1 690 483
857 0 673 473
857 1 690 483
858 0 673 473
858 1 690 483
859 0 673 473
859 1 690 483
860 0 673 473
860 1 690 483
861 0 673 473
861 1 691 483
862 0 673 473
862 1 691 483
863 0 674 474
863 1 691 482
864 0 675 474
864 1 692 482
865 0 676 474
865 1 692 482
866 0 676 474
866 1 692 482
867 0 677 474
867 1 693 482
868 0 678 474
868 1 693 482
869 0 679 473
869 1 694 481
870 0 680 473
870 1 694 481
871 0 681 472
871 1 694 481
872 0 681 472
872 1 694 481
873 0 682 472
873 1 694 481
874 0 683 472
874 1 694 481
875 0 685 472
875 1 694 481
876 0 686 472
876 1 694 480
877 0 686 472
877 1 694 480
878 0 687 472
878 1 695 479
879 0 687 472
879 1 695 479
880 0 687 472
880 1 695 479
881 0 687 472
881 1 695 479
882 0 687 472
882 1 695 479
883 0 687 472
883 1 695 478
884 0 687 472
884 1 695 478
885 0 687 472
885 1 695 478
886 0 686 472
886 1 695 478
887 0 686 472
887 1 695 478
888 0 686 472
888 1 695 477
889 0 686 472
889 1 695 477
890 0 686 472
890 1 695 477
891 0 686 472
891 1 695 477
892 0 686 472
892 1 695 477
893 0 686 472
893 1 695 477
894 0 686 472
894 1 695 477
895 0 686 472
895 1 695 477
896 0 686 472
896 1 695 477
897 0 686 472
897 1 695 477
898 0 686 472
898 1 695 477
899 0 686 472
899 1 695 477
900 0 686 472
900 1 695 476
901 0 686 472
901 1 695 476
902 0 686 472
902 1 695 476
903 0 686 472
903 1 695 476
904 0 686 472
904 1 695 476
905 0 686 472
905 1 695 476
906 0 686 472
906 1 695 476
907 0 686 472
907 1 695 476
908 0 686 472
908 1 695 476
909 0 686 472
909 1 695 476
910 0 686 472
910 1 695 476
911 0 687 472
911 1 695 476
912 0 687 472
912 1 694 476
913 0 687 472
913 1 694 476
914 0 687 472
914 1 694 476
915 0 687 472
915 1 694 476
916 0 687 472
916 1 694 476
917 0 687 472
917 1 694 476
918 0 687 472
918 1 694 476
919 0 687 472
919 1 694 476
920 0 687 472
920 1 694 476
921 0 687 472
921 1 694 476
922 0 687 472
922 1 694 476
923 0 687 472
923 1 694 475
924 0 686 472
924 1 694 475
925 0 686 472
925 1 694 474
926 0 686 472
926 1 694 474
927 0 686 472
927 1 694 474
928 0 686 472
928 1 694 474
929 0 686 472
929 1 695 474
930 0 686 472
930 1 695 474
931 0 685 472
931 1 696 474
932 0 685 472
932 1 696 474
933 0 685 472
933 1 697 474
934 0 685 472
934 1 698 473
935 0 685 472
935 1 699 473
936 0 685 472
936 1 700 472
937 0 684 472
937 1 700 472
938 0 684 472
938 1 700 472
939 0 684 472
939 1 701 472
940 0 684 472
940 1 701 472
941 0 684 472
941 1 701 472
942 0 684 473
942 1 701 472
943 0 684 473
943 1 702 472
944 0 684 473
944 1 702 472
945 0 684 473
945 1 702 473
946 0 684 473
946 1 702 473
947 0 684 474
947 1 702 473
948 0 684 474
948 1 703 473
949 0 684 475
949 1 703 473
950 0 684 475
950 1 703 473
951 0 684 476
951 1 703 474
952 0 684 477
952 1 703 474
953 0 684 477
953 1 703 474
954 0 684 478
954 1 703 474
955 0 684 479
955 1 703 475
956 0 684 479
956 1 703 475
957 0 684 479
957 1 703 475
958 0 684 479
958 1 703 475
959 0 684 478
959 1 699 475
960 0 684 478
960 1 699 475
961 0 684 478
961 1 699 475
962 0 684 478
962 1 699 475
963 0 684 478
963 1 699 475
964 0 683 477
964 1 699 475
965 0 683 477
965 1 699 475
966 0 683 477
966 1 699 475
967 0 683 477
967 1 699 475
968 0 683 477
968 1 699 475
969 0 683 477
969 1 699 475
970 0 683 477
970 1 699 475
971 0 683 477
971 1 699 475
972 0 683 477
972 1 699 475
973 0 683 477
973 1 699 475
974 0 683 477
974 1 699 475
975 0 683 478
975 1 699 475
976 0 683 478
976 1 699 475
977 0 683 478
977 1 699 475
978 0 683 478
978 1 699 475
979 0 683 478
979 1 699 475
980 0 683 478
980 1 699 475
981 0 683 478
981 1 699 475
982 0 683 479
982 1 699 475
983 0 683 479
983 1 699 475
984 0 683 479
984 1 699 475
985 0 683 479
985 1 699 475
986 0 683 479
986 1 699 475
987 0 683 479
987 1 699 475
988 0 683 479
988 1 699 475
989 0 683 479
989 1 699 475
990 0 683 479
990 1 699 475
991 0 683 479
991 1 699 475
992 0 683 480
992 1 699 475
993 0 683 480
993 1 699 475
994 0 683 481
994 1 699 475
995 0 683 481
995 1 699 475
996 0 683 482
996 1 699 475
997 0 683 482
997 1 699 475
998 0 683 482
998 1 699 475
999 0 683 482
999 1 699 475
1000 0 683 483
1000 1 699 475
1001 0 683 483
1001 1 699 475
1002 0 683 483
1002 1 699 475
1003 0 683 483
1003 1 699 475
1004 0 683 483
1004 1 699 475
1005 0 683 483
1005 1 699 475
1006 0 683 484
1006 1 699 475
1007 0 683 484
1007 1 699 475
1008 0 684 484
1008 1 699 475
1009 0 684 484
1009 1 699 475
1010 0 685 484
1010 1 699 475
1011 0 685 484
1011 1 699 475
1012 0 685 484
1012 1 699 475
1013 0 685 484
1013 1 699 475
1014 0 685 484
1014 1 699 475
1015 0 685 484
1015 1 700 475
1016 0 685 484
1016 1 700 475
1017 0 685 484
1017 1 700 475
1018 0 685 484
1018 1 701 475
1019 0 686 483
1019 1 702 475
1020 0 686 483
1020 1 703 475
1021 0 686 483
1021 1 704 475
1022 0 686 483
1022 1 705 475
1023 0 686 482
1023 1 706 475
1024 0 687 482
1024 1 707 475
1025 0 687 481
1025 1 708 475
1026 0 687 481
1026 1 708 475
1027 0 687 481
1027 1 708 475
1028 0 687 481
1028 1 709 475
1029 0 688 480
1029 1 709 475
1030 0 688 480
1030 1 710 475
1031 0 689 480
1031 1 710 475
1032 0 689 480
1032 1 710 475
1033 0 689 480
1033 1 710 475
1034 0 690 479
1034 1 710 475
1035 0 690 479
1035 1 711 475
1036 0 690 479
1036 1 711 475
1037 0 690 479
1037 1 711 475
1038 0 690 479
1038 1 711 475
1039 0 689 479
1039 1 711 475
1040 0 689 479
1040 1 711 475
1041 0 689 479
1041 1 711 475
1042 0 689 479
1042 1 711 475
1043 0 689 479
1043 1 711 475
1044 0 689 479
1044 1 711 475
1045 0 689 479
1045 1 711 475
1046 0 689 479
1046 1 711 475
1047 0 689 479
1047 1 711 475
1048 0 689 479
1048 1 711 475
1049 0 689 479
1049 1 711 475
1050 0 689 479
1050 1 712 475
1051 0 689 479
1051 1 712 475
1052 0 689 479
1052 1 712 475
1053 0 689 479
1053 1 713 475
1054 0 689 479
1054 1 713 475
1055 0 689 479
1055 1 713 475
1056 0 690 479
1056 1 713 475
1057 0 691 479
1057 1 713 475
1058 0 691 479
1058 1 713 475
1059 0 692 479
1059 1 713 475
1060 0 693 479
1060 1 713 475
1061 0 694 479
1061 1 713 475
1062 0 694 478
1062 1 713 475
1063 0 695 478
1063 1 713 475
1064 0 696 478
1064 1 713 475
1065 0 697 478
1065 1 713 475
1066 0 698 478
1066 1 713 475
1067 0 698 478
1067 1 713 475
1068 0 698 478
1068 1 713 475
1069 0 698 478
1069 1 713 475
1070 0 698 478
1070 1 713 475
1071 0 698 478
1071 1 713 475
1072 0 698 478
1072 1 713 475
1073 0 698 478
1073 1 714 474
1074 0 698 478
1074 1 714 474
1075 0 698 478
1075 1 716 473
1076 0 698 478
1076 1 717 472
1077 0 699 478
1077 1 718 471
1078 0 699 478
1078 1 719 471
1079 0 700 478
1079 1 720 470
1080 0 700 478
1080 1 721 469
1081 0 701 478
1081 1 722 468
1082 0 701 478
1082 1 723 468
1083 0 702 478
1083 1 723 468
1084 0 703 478
1084 1 723 468
1085 0 704 478
1085 1 724 468
1086 0 704 478
1086 1 724 467
1087 0 705 478
1087 1 725 467
1088 0 705 478
1088 1 725 467
1089 0 706 478
1089 1 725 467
1090 0 706 478
1090 1 725 467
1091 0 707 478
1091 1 725 467
1092 0 708 477
1092 1 725 467
1093 0 709 477
1093 1 725 467
1094 0 709 477
1094 1 726 466
1095 0 710 477
1095 1 727 466
1096 0 710 477
1096 1 727 466
1097 0 711 477
1097 1 728 465
1098 0 711 477
1098 1 728 465
1099 0 712 476
1099 1 728 465
1100 0 712 475
1100 1 728 465
1101 0 713 475
1101 1 728 465
1102 0 713 475
1102 1 728 465
1103 0 714 474
1103 1 728 465
1104 0 714 474
1104 1 728 465
1105 0 714 474
1105 1 729 464
1106 0 714 473
1106 1 729 464
1107 0 715 473
1107 1 730 463
1108 0 715 472
1108 1 731 462
1109 0 716 472
1109 1 732 460
1110 0 716 471
1110 1 732 459
1111 0 717 471
1111 1 733 458
1112 0 718 471
1112 1 733 457
1113 0 719 470
1113 1 733 457
1114 0 720 469
1114 1 733 457
1115 0 721 469
1115 1 734 456
1116 0 722 469
1116 1 734 456
1117 0 722 469
1117 1 734 455
1118 0 723 469
1118 1 734 454
1119 0 724 468
1119 1 735 453
1120 0 725 468
1120 1 735 452
1121 0 726 467
1121 1 735 451
1122 0 727 467
1122 1 735 450
1123 0 727 467
1123 1 735 450
1124 0 728 467
1124 1 735 449
1125 0 728 466
1125 1 735 448
1126 0 729 466
1126 1 735 448
1127 0 729 465
1127 1 735 448
1128 0 729 465
1128 1 735 448
1129 0 729 465
1129 1 735 448
1130 0 729 465
1130 1 735 448
1131 0 730 464
1131 1 735 447
1132 0 730 464
1132 1 735 447
1133 0 730 464
1133 1 735 447
1134 0 730 464
1134 1 735 447
1135 0 730 464
1135 1 736 447
1136 0 730 463
1136 1 737 446
1137 0 730 463
1137 1 738 446
1138 0 730 462
1138 1 739 445
1139 0 730 461
1139 1 740 444
1140 0 730 460
1140 1 742 444
1141 0 730 459
1141 1 743 444
1142 0 730 458
1142 1 743 444
1143 0 730 457
1143 1 743 444
1144 0 730 456
1144 1 743 444
1145 0 730 456
1145 1 743 444
1146 0 730 455
1146 1 743 444
1147 0 730 455
1147 1 743 444
1148 0 730 454
1148 1 743 444
1149 0 730 454
1149 1 743 444
1150 0 731 453
1150 1 744 444
1151 0 732 452
1151 1 745 443
1152 0 732 452
1152 1 745 443
1153 0 732 452
1153 1 745 443
1154 0 732 452
1154 1 745 443
1155 0 732 452
1155 1 746 443
1156 0 732 452
1156 1 747 443
1157 0 733 451
1157 1 748 443
1158 0 734 451
1158 1 750 443
1159 0 735 450
1159 1 751 443
1160 0 735 450
1160 1 753 443
1161 0 736 449
1161 1 754 443
1162 0 736 449
1162 1 755 443
1163 0 737 448
1163 1 757 443
1164 0 738 448
1164 1 758 444
1165 0 739 447
1165 1 758 444
1166 0 740 446
1166 1 758 444
1167 0 741 445
1167 1 759 444
RESET
1168 0 751 439
1168 1 759 444
1169 0 752 439
1169 1 760 444
1170 0 753 439
1170 1 760 445
1171 0 754 440
1171 1 761 445
1172 0 754 440
1172 1 762 446
1173 0 754 441
1173 1 762 446
1174 0 755 442
1174 1 763 447
1175 0 756 442
1175 1 764 448
1176 0 757 442
1176 1 765 448
1177 0 758 442
1177 1 765 448
1178 0 759 442
1178 1 766 449
1179 0 760 442
1179 1 767 449
1180 0 761 442
1180 1 769 450
1181 0 761 443
1181 1 770 451
1182 0 761 443
1182 1 772 452
1183 0 761 443
1183 1 773 452
1184 0 761 443
1184 1 775 453
1185 0 761 443
1185 1 776 454
1186 0 761 443
1186 1 776 454
1187 0 761 443
1187 1 778 455
1188 0 761 443
1188 1 778 455
1189 0 761 443
1189 1 779 456
1190 0 761 443
1190 1 779 456
1191 0 761 443
1191 1 779 456
1192 0 761 443
1192 1 779 456
1193 0 761 443
1193 1 779 456
1194 0 761 443
1194 1 779 456
1195 0 761 443
1195 1 779 456
1196 0 761 443
1196 1 779 456
1197 0 761 442
1197 1 779 456
1198 0 761 442
1198 1 779 456
1199 0 762 442
1199 1 779 456
1200 0 762 442
1200 1 779 456
1201 0 763 441
1201 1 779 456
1202 0 763 440
1202 1 779 456
1203 0 763 439
1203 1 779 456
1204 0 763 438
1204 1 779 456
1205 0 764 437
1205 1 779 456
1206 0 764 435
1206 1 779 456
1207 0 764 434
1207 1 779 456
1208 0 763 434
1208 1 779 456
1209 0 763 434
1209 1 779 456
1210 0 763 433
1210 1 779 456
1211 0 762 432
1211 1 779 456
1212 0 761 431
1212 1 779 456
1213 0 761 431
1213 1 779 456
1214 0 761 431
1214 1 779 456
1215 0 761 431
1215 1 779 456
1216 0 761 431
1216 1 779 456
1217 0 761 431
1217 1 779 456
1218 0 761 430
1218 1 779 456
1219 0 761 430
1219 1 779 456
1220 0 761 430
1220 1 779 456
1221 0 761 430
1221 1 779 456
1222 0 761 430
1222 1 779 456
1223 0 761 430
1223 1 779 456
1224 0 762 430
1224 1 779 456
1225 0 762 431
1225 1 779 456
1226 0 763 432
1226 1 779 456
1227 0 764 433
1227 1 779 456
1228 0 764 434
1228 1 779 456
1229 0 765 434
1229 1 779 456
1230 0 765 435
1230 1 779 456
1231 0 765 436
1231 1 779 456
1232 0 766 436
1232 1 779 456
1233 0 766 437
1233 1 779 456
1234 0 766 438
1234 1 779 456
1235 0 761 437
1235 1 782 457
1236 0 761 437
1236 1 782 457
1237 0 761 437
1237 1 782 457
1238 0 762 436
1238 1 782 457
1239 0 762 436
1239 1 782 457
1240 0 762 436
1240 1 782 457
1241 0 762 436
1241 1 782 457
1242 0 762 436
1242 1 782 457
1243 0 762 436
1243 1 782 457
1244 0 762 437
1244 1 782 457
1245 0 762 438
1245 1 782 457
1246 0 763 438
1246 1 782 457
1247 0 763 438
1247 1 782 457
1248 0 763 438
1248 1 782 457
1249 0 763 439
1249 1 782 457
1250 0 763 439
1250 1 782 457
1251 0 763 439
1251 1 782 457
1252 0 763 439
1252 1 782 457
1253 0 763 439
1253 1 782 457
1254 0 764 439
1254 1 782 457
1255 0 764 439
1255 1 782 457
1256 0 764 439
1256 1 782 457
1257 0 764 438
1257 1 782 457
1258 0 764 438
1258 1 782 457
1259 0 764 438
1259 1 782 457
1260 0 764 438
1260 1 782 457
1261 0 764 437
1261 1 782 457
1262 0 764 437
1262 1 782 457
1263 0 764 437
1263 1 782 457
1264 0 763 437
1264 1 782 457
1265 0 763 437
1265 1 782 457
1266 0 763 437
1266 1 782 457
1267 0 763 438
1267 1 782 457
1268 0 763 439
1268 1 782 457
1269 0 763 440
1269 1 782 457
1270 0 764 440
1270 1 782 457
1271 0 765 441
1271 1 782 457
1272 0 766 441
1272 1 782 457
1273 0 767 442
1273 1 782 457
1274 0 769 442
1274 1 782 457
1275 0 770 442
1275 1 782 457
1276 0 770 442
1276 1 782 457
1277 0 771 442
1277 1 782 457
1278 0 772 443
1278 1 782 458
1279 0 773 443
1279 1 782 458
1280 0 773 443
1280 1 782 458
1281 0 774 444
1281 1 782 458
1282 0 774 444
1282 1 782 459
1283 0 774 444
1283 1 782 459
1284 0 774 444
1284 1 782 459
1285 0 774 444
1285 1 782 459
1286 0 774 444
1286 1 782 459
1287 0 774 444
1287 1 782 459
1288 0 774 444
1288 1 782 459
1289 0 774 444
1289 1 782 460
1290 0 774 444
1290 1 782 460
1291 0 775 444
1291 1 782 460
1292 0 776 445
1292 1 782 461
1293 0 776 446
1293 1 782 461
1294 0 776 446
1294 1 782 462
1295 0 778 447
1295 1 782 462
1296 0 779 448
1296 1 782 463
1297 0 779 449
1297 1 782 464
1298 0 779 450
1298 1 782 465
1299 0 780 451
1299 1 782 466
1300 0 781 452
1300 1 782 467
1301 0 781 453
1301 1 782 468
1302 0 781 454
1302 1 782 469
1303 0 781 454
1303 1 783 470
1304 0 781 455
1304 1 783 471
1305 0 781 456
1305 1 783 471
1306 0 781 457
1306 1 783 471
1307 0 781 458
1307 1 783 471
1308 0 781 459
1308 1 783 471
1309 0 781 459
1309 1 783 471
1310 0 782 460
1310 1 783 471
1311 0 783 461
1311 1 784 472
1312 0 783 461
1312 1 785 473
1313 0 783 462
1313 1 786 474
1314 0 783 462
1314 1 786 474
1315 0 783 462
1315 1 787 475
1316 0 783 463
1316 1 789 476
1317 0 783 464
1317 1 789 477
1318 0 783 465
1318 1 789 477
1319 0 783 466
1319 1 789 477
1320 0 783 467
1320 1 789 477
1321 0 783 468
1321 1 789 477
1322 0 784 469
1322 1 789 477
1323 0 784 470
1323 1 789 477
1324 0 784 470
1324 1 789 477
1325 0 783 471
1325 1 789 477
1326 0 783 472
1326 1 789 477
1327 0 783 472
1327 1 789 477
1328 0 783 473
1328 1 789 477
1329 0 783 473
1329 1 789 477
1330 0 783 474
1330 1 789 477
1331 0 783 475
1331 1 789 478
1332 0 783 475
1332 1 789 478
1333 0 782 475
1333 1 789 478
1334 0 783 476
1334 1 789 478
1335 0 783 476
1335 1 790 478
1336 0 784 477
1336 1 791 478
1337 0 785 477
1337 1 791 478
1338 0 785 478
1338 1 791 478
1339 0 786 479
1339 1 791 478
1340 0 786 479
1340 1 791 478
1341 0 786 479
1341 1 791 478
1342 0 787 479
1342 1 791 478
1343 0 787 479
1343 1 791 478
1344 0 787 479
1344 1 791 478
1345 0 788 480
1345 1 791 478
1346 0 788 480
1346 1 791 478
1347 0 789 480
1347 1 792 478
1348 0 790 480
1348 1 793 478
1349 0 791 481
1349 1 794 479
1350 0 792 481
1350 1 795 479
1351 0 793 481
1351 1 796 479
1352 0 795 482
1352 1 798 480
1353 0 796 482
1353 1 799 480
1354 0 797 482
1354 1 799 480
1355 0 797 482
1355 1 799 480
1356 0 797 482
1356 1 799 480
1357 0 797 482
1357 1 799 480
1358 0 797 482
1358 1 799 480
RESET