FRAME   ID  X   Y (0 is Leader, 1 is Follower)  
1 0 776 488
1 1 758 490
2 0 776 488
2 1 759 490
3 0 776 488
3 1 759 490
4 0 776 488
4 1 761 491
5 0 776 488
5 1 762 490
6 0 776 488
6 1 764 490
7 0 775 488
7 1 766 490
8 0 774 488
8 1 766 490
9 0 776 488
9 1 766 490
10 0 776 488
10 1 766 490
11 0 777 488
11 1 765 489
12 0 777 488
12 1 765 488
13 0 777 488
13 1 765 488
14 0 778 487
14 1 766 487
15 0 780 486
15 1 767 485
16 0 781 486
16 1 767 485
17 0 780 486
17 1 767 484
18 0 781 486
18 1 767 485
19 0 781 485
19 1 768 484
20 0 781 484
20 1 770 484
21 0 781 485
21 1 770 484
22 0 782 483
22 1 771 484
23 0 783 483
23 1 771 484
24 0 783 482
24 1 772 484
25 0 785 482
25 1 773 485
26 0 786 481
26 1 772 484
27 0 787 480
27 1 773 485
28 0 787 480
28 1 773 485
29 0 788 480
29 1 773 485
30 0 789 480
30 1 774 485
31 0 788 480
31 1 776 485
32 0 789 480
32 1 777 485
33 0 789 480
33 1 778 485
34 0 789 480
34 1 779 485
35 0 789 480
35 1 780 485
36 0 789 480
36 1 781 485
37 0 789 480
37 1 780 485
38 0 789 480
38 1 781 485
39 0 790 479
39 1 781 484
40 0 792 477
40 1 781 485
41 0 793 476
41 1 782 484
42 0 792 477
42 1 783 485
43 0 793 476
43 1 783 484
44 0 793 476
44 1 784 485
45 0 793 476
45 1 785 484
46 0 793 476
46 1 785 484
47 0 793 476
47 1 785 484
48 0 793 476
48 1 785 484
49 0 793 476
49 1 785 484
50 0 793 476
50 1 785 484
51 0 793 476
51 1 785 483
52 0 793 476
52 1 785 482
53 0 794 475
53 1 786 482
54 0 795 474
54 1 787 482
55 0 795 474
55 1 787 482
56 0 795 474
56 1 787 482
57 0 794 474
57 1 787 482
58 0 794 474
58 1 787 482
59 0 794 473
59 1 788 482
60 0 794 471
60 1 789 482
61 0 794 470
61 1 789 482
62 0 794 470
62 1 789 482
63 0 793 469
63 1 790 482
64 0 793 467
64 1 791 482
65 0 793 466
65 1 791 482
66 0 793 465
66 1 791 482
67 0 794 464
67 1 791 482
68 0 796 464
68 1 792 481
69 0 796 464
69 1 794 480
70 0 797 464
70 1 795 479
71 0 797 465
71 1 794 477
72 0 798 465
72 1 795 476
73 0 799 465
73 1 795 476
74 0 800 465
74 1 794 475
75 0 798 466
75 1 794 474
76 0 798 467
76 1 794 474
77 0 798 466
77 1 793 474
78 0 800 466
78 1 791 473
79 0 800 466
79 1 791 472
80 0 800 466
80 1 791 472
81 0 800 466
81 1 791 471
82 0 801 466
82 1 791 469
83 0 800 465
83 1 791 468
84 0 802 464
84 1 791 468
85 0 803 464
85 1 791 467
86 0 802 464
86 1 792 465
87 0 803 464
87 1 793 464
88 0 803 464
88 1 794 464
89 0 803 464
89 1 795 464
90 0 803 464
90 1 796 463
91 0 803 464
91 1 797 463
92 0 803 464
92 1 796 463
93 0 804 464
93 1 798 463
94 0 806 464
94 1 799 463
95 0 807 464
95 1 799 463
96 0 807 464
96 1 800 464
97 0 808 464
97 1 801 465
98 0 810 465
98 1 801 464
99 0 811 465
99 1 802 465
100 0 812 465
100 1 804 464
101 0 813 465
101 1 806 465
102 0 814 467
102 1 807 463
103 0 815 467
103 1 808 463
104 0 815 468
104 1 810 463
105 0 815 469
105 1 811 463
106 0 815 469
106 1 810 463
107 0 815 469
107 1 811 463
108 0 816 470
108 1 811 464
109 0 818 472
109 1 812 466
110 0 818 472
110 1 813 467
111 0 818 474
111 1 812 467
112 0 818 474
112 1 813 468
113 0 819 475
113 1 813 469
114 0 818 475
114 1 814 469
115 0 819 474
115 1 815 469
116 0 819 475
116 1 815 469
117 0 819 474
117 1 815 469
118 0 819 475
118 1 815 469
119 0 820 475
119 1 816 470
120 0 821 475
120 1 817 471
121 0 821 476
121 1 816 471
122 0 822 476
122 1 816 471
123 0 824 477
123 1 817 472
124 0 825 477
124 1 816 474
125 0 826 476
125 1 816 474
126 0 828 476
126 1 816 475
127 0 829 476
127 1 816 475
128 0 830 475
128 1 816 475
129 0 832 474
129 1 817 477
130 0 832 474
130 1 816 477
131 0 832 474
131 1 817 479
132 0 833 473
132 1 817 480
133 0 832 472
133 1 817 481
134 0 833 473
134 1 818 481
135 0 833 472
135 1 819 480
136 0 833 472
136 1 820 481
137 0 833 472
137 1 821 479
138 0 833 471
138 1 821 479
139 0 833 469
139 1 822 478
140 0 834 468
140 1 823 478
141 0 835 468
141 1 823 477
142 0 834 468
142 1 823 475
143 0 834 468
143 1 823 475
144 0 834 467
144 1 823 474
145 0 834 466
145 1 823 474
146 0 834 467
146 1 824 474
147 0 834 466
147 1 826 474
148 0 834 466
148 1 827 473
149 0 834 466
149 1 828 472
150 0 834 466
150 1 829 472
151 0 834 466
151 1 830 472
152 0 834 466
152 1 831 472
153 0 834 466
153 1 830 472
154 0 833 465
154 1 831 471
155 0 832 464
155 1 831 470
156 0 831 462
156 1 831 469
157 0 830 462
157 1 831 468
158 0 830 460
158 1 831 468
159 0 830 458
159 1 831 467
160 0 830 456
160 1 831 466
161 0 829 454
161 1 831 466
162 0 828 454
162 1 831 465
163 0 829 453
163 1 830 466
164 0 828 452
164 1 831 467
165 0 829 452
165 1 830 466
166 0 828 452
166 1 830 466
167 0 829 452
167 1 830 466
168 0 828 452
168 1 830 465
169 0 829 452
169 1 830 464
170 0 828 452
170 1 830 464
171 0 829 451
171 1 829 464
172 0 828 450
172 1 828 463
173 0 829 450
173 1 829 462
174 0 828 449
174 1 828 462
175 0 829 447
175 1 828 461
176 0 828 446
176 1 828 459
177 0 829 445
177 1 827 458
178 0 829 442
178 1 826 458
179 0 830 441
179 1 826 458
180 0 831 439
180 1 826 456
181 0 831 437
181 1 826 455
182 0 831 436
182 1 825 453
183 0 832 437
183 1 824 452
184 0 833 436
184 1 825 452
185 0 833 436
185 1 824 451
186 0 833 436
186 1 824 450
187 0 833 436
187 1 825 450
188 0 833 436
188 1 824 449
189 0 833 436
189 1 826 447
190 0 833 436
190 1 826 447
191 0 833 436
191 1 826 447
192 0 833 436
192 1 827 446
193 0 833 435
193 1 827 446
194 0 833 434
194 1 827 446
195 0 833 435
195 1 827 446
196 0 833 433
196 1 827 446
197 0 834 432
197 1 828 445
198 0 836 432
198 1 829 443
199 0 837 431
199 1 829 442
200 0 838 429
200 1 829 442
201 0 840 428
201 1 829 442
202 0 841 428
202 1 829 441
203 0 841 428
203 1 829 439
204 0 842 427
204 1 829 437
205 0 843 426
205 1 830 436
206 0 843 427
206 1 831 436
207 0 843 426
207 1 830 434
208 0 843 426
208 1 832 433
209 0 844 426
209 1 832 432
210 0 845 426
210 1 832 432
211 0 844 426
211 1 833 431
212 0 846 426
212 1 832 430
213 0 846 426
213 1 833 430
214 0 847 426
214 1 832 430
215 0 847 426
215 1 833 430
216 0 848 426
216 1 832 430
217 0 850 426
217 1 833 430
218 0 851 425
218 1 833 429
219 0 851 423
219 1 834 428
220 0 852 423
220 1 836 428
221 0 853 423
221 1 838 428
222 0 853 422
222 1 839 428
223 0 854 422
223 1 840 428
224 0 856 421
224 1 842 428
225 0 857 419
225 1 844 428
226 0 857 418
226 1 846 428
227 0 857 418
227 1 847 427
228 0 858 417
228 1 848 425
229 0 859 416
229 1 849 425
230 0 859 415
230 1 850 424
231 0 860 414
231 1 851 425
232 0 861 413
232 1 851 423
233 0 861 411
233 1 851 422
234 0 862 410
234 1 852 423
235 0 863 410
235 1 853 421
236 0 863 408
236 1 853 420
237 0 864 407
237 1 853 420
238 0 865 405
238 1 854 419
239 0 865 405
239 1 855 417
240 0 865 404
240 1 855 415
241 0 865 405
241 1 855 414
242 0 865 404
242 1 855 415
243 0 865 405
243 1 855 414
244 0 866 404
244 1 856 414
245 0 867 404
245 1 858 413
246 0 866 403
246 1 859 412
247 0 867 401
247 1 859 413
248 0 866 399
248 1 859 412
249 0 867 398
249 1 860 412
250 0 867 397
250 1 861 411
251 0 867 395
251 1 861 409
252 0 867 394
252 1 862 408
253 0 867 394
253 1 863 407
254 0 867 394
254 1 863 406
255 0 867 394
255 1 863 405
256 0 867 394
256 1 863 404
257 0 867 394
257 1 863 404
258 0 867 394
258 1 863 404
259 0 867 394
259 1 863 404
260 0 866 392
260 1 863 404
261 0 866 391
261 1 863 404
262 0 865 389
262 1 863 404
263 0 863 387
263 1 863 403
264 0 862 386
264 1 863 401
265 0 862 386
265 1 863 400
266 0 862 386
266 1 863 400
267 0 861 385
267 1 863 399
268 0 860 384
268 1 864 397
269 0 860 384
269 1 865 397
270 0 860 384
270 1 864 396
271 0 860 384
271 1 865 397
272 0 860 384
272 1 865 396
273 0 860 384
273 1 865 396
274 0 860 383
274 1 865 396
275 0 859 381
275 1 866 396
276 0 858 380
276 1 867 396
277 0 859 380
277 1 866 396
278 0 858 380
278 1 867 395
279 0 859 380
279 1 867 395
280 0 858 380
280 1 867 395
281 0 859 380
281 1 868 395
282 0 858 380
282 1 869 395
283 0 859 380
283 1 868 395
284 0 858 380
284 1 869 395
285 0 859 380
285 1 868 395
286 0 858 380
286 1 869 395
287 0 859 380
287 1 868 396
288 0 858 380
288 1 868 396
289 0 859 380
289 1 868 396
290 0 858 380
290 1 869 396
291 0 859 380
291 1 868 396
292 0 858 380
292 1 869 396
293 0 859 380
293 1 868 396
294 0 858 380
294 1 869 396
295 0 859 380
295 1 869 396
296 0 858 380
296 1 869 396
297 0 859 380
297 1 869 396
298 0 858 380
298 1 869 396
299 0 859 380
299 1 869 396
300 0 859 374
300 1 876 396
301 0 859 374
301 1 876 396
302 0 859 374
302 1 876 395
303 0 859 374
303 1 876 394
304 0 859 374
304 1 875 394
305 0 859 374
305 1 874 392
306 0 859 374
306 1 874 392
307 0 859 374
307 1 873 391
308 0 859 374
308 1 871 390
309 0 859 374
309 1 870 390
310 0 859 374
310 1 870 390
311 0 859 374
311 1 869 390
312 0 859 374
312 1 868 390
313 0 859 374
313 1 868 390
314 0 859 374
314 1 867 390
315 0 859 374
315 1 866 391
316 0 859 374
316 1 866 390
317 0 859 374
317 1 866 391
318 0 859 374
318 1 866 391
319 0 859 374
319 1 865 391
320 0 859 374
320 1 864 391
321 0 859 374
321 1 864 391
322 0 859 374
322 1 864 391
323 0 859 374
323 1 864 391
324 0 859 374
324 1 862 390
325 0 859 374
325 1 861 390
326 0 859 374
326 1 859 389
327 0 859 374
327 1 858 387
328 0 859 374
328 1 858 387
329 0 859 374
329 1 857 386
330 0 859 374
330 1 856 386
331 0 859 374
331 1 857 386
332 0 859 373
332 1 856 386
333 0 859 372
333 1 856 385
334 0 858 372
334 1 856 385
335 0 858 370
335 1 856 384
336 0 858 369
336 1 856 384
337 0 857 366
337 1 856 384
338 0 856 365
338 1 856 384
339 0 856 363
339 1 856 383
340 0 855 362
340 1 856 382
341 0 853 361
341 1 856 382
342 0 853 360
342 1 857 382
343 0 853 360
343 1 856 382
344 0 852 360
344 1 857 381
345 0 853 359
345 1 857 379
346 0 852 358
346 1 857 378
347 0 852 358
347 1 858 378
348 0 852 358
348 1 859 377
349 0 851 358
349 1 859 376
350 0 850 358
350 1 860 376
351 0 851 358
351 1 862 376
352 0 850 358
352 1 863 375
353 0 851 358
353 1 863 374
354 0 850 358
354 1 863 374
355 0 850 358
355 1 863 373
356 0 850 357
356 1 863 372
357 0 850 357
357 1 863 372
358 0 850 356
358 1 863 371
359 0 850 357
359 1 862 369
360 0 850 356
360 1 863 368
361 0 850 357
361 1 862 369
RESET
362 0 862 368
362 1 850 356
363 0 862 369
363 1 850 357
364 0 862 368
364 1 850 356
365 0 862 368
365 1 850 357
366 0 862 368
366 1 850 356
367 0 862 367
367 1 850 357
368 0 862 366
368 1 850 356
369 0 862 366
369 1 850 357
370 0 861 365
370 1 850 356
371 0 860 363
371 1 850 357
372 0 860 362
372 1 850 356
373 0 860 362
373 1 850 357
374 0 859 362
374 1 850 356
375 0 858 362
375 1 850 357
376 0 859 362
376 1 850 356
377 0 858 362
377 1 850 357
378 0 859 362
378 1 850 356
379 0 858 362
379 1 850 357
380 0 859 362
380 1 850 356
381 0 858 362
381 1 849 357
382 0 858 362
382 1 848 356
383 0 857 362
383 1 848 357
384 0 856 362
384 1 847 356
385 0 856 362
385 1 844 356
386 0 856 361
386 1 843 355
387 0 855 361
387 1 841 354
388 0 854 361
388 1 838 354
389 0 853 361
389 1 837 353
390 0 851 362
390 1 835 352
391 0 849 363
391 1 834 353
392 0 848 363
392 1 834 352
393 0 848 363
393 1 834 353
394 0 846 363
394 1 833 352
395 0 845 363
395 1 832 353
396 0 842 363
396 1 832 352
397 0 842 362
397 1 832 353
398 0 841 362
398 1 832 352
399 0 840 362
399 1 832 353
400 0 840 362
400 1 832 352
401 0 840 361
401 1 831 353
402 0 839 360
402 1 829 353
403 0 838 360
403 1 827 354
404 0 837 358
404 1 825 356
405 0 835 358
405 1 824 357
406 0 833 357
406 1 823 357
407 0 832 355
407 1 821 358
408 0 831 355
408 1 819 360
409 0 830 355
409 1 819 361
410 0 829 355
410 1 817 361
411 0 828 356
411 1 816 362
412 0 827 357
412 1 816 364
413 0 825 357
413 1 815 365
414 0 825 357
414 1 813 365
415 0 825 357
415 1 813 365
416 0 825 358
416 1 813 365
417 0 825 360
417 1 813 365
418 0 824 361
418 1 813 365
419 0 824 362
419 1 813 365
420 0 824 364
420 1 813 365
421 0 823 365
421 1 813 365
422 0 821 365
422 1 813 365
423 0 820 366
423 1 813 365
424 0 821 367
424 1 812 366
425 0 820 366
425 1 812 367
426 0 820 367
426 1 811 367
427 0 819 367
427 1 810 368
428 0 818 367
428 1 810 370
429 0 818 367
429 1 809 372
430 0 817 367
430 1 806 374
431 0 815 367
431 1 806 375
432 0 813 367
432 1 805 376
433 0 812 367
433 1 802 378
434 0 811 367
434 1 802 380
435 0 808 368
435 1 801 381
436 0 807 370
436 1 799 381
437 0 805 370
437 1 798 382
438 0 804 372
438 1 799 383
439 0 804 373
439 1 798 382
440 0 803 373
440 1 798 383
441 0 801 374
441 1 798 382
442 0 801 376
442 1 798 383
443 0 801 377
443 1 798 382
444 0 801 377
444 1 798 383
445 0 801 378
445 1 798 383
446 0 801 380
446 1 797 383
447 0 801 381
447 1 796 384
448 0 801 381
448 1 795 386
449 0 800 382
449 1 793 387
450 0 801 384
450 1 792 387
451 0 800 384
451 1 791 387
452 0 800 386
452 1 789 388
453 0 799 386
453 1 788 389
454 0 797 387
454 1 788 389
455 0 796 387
455 1 788 390
456 0 796 387
456 1 787 391
457 0 795 388
457 1 786 391
458 0 793 389
458 1 787 391
459 0 791 389
459 1 785 393
460 0 790 389
460 1 784 394
461 0 790 390
461 1 784 396
RESET
462 0 783 398
462 1 790 391
463 0 782 400
463 1 789 391
464 0 782 402
464 1 788 392
465 0 781 404
465 1 787 394
466 0 780 404
466 1 786 396
467 0 780 405
467 1 785 397
468 0 779 406
468 1 783 398
469 0 777 408
469 1 782 400
470 0 777 408
470 1 782 402
471 0 777 408
471 1 781 404
472 0 777 408
472 1 779 405
473 0 777 408
473 1 779 404
474 0 777 408
474 1 779 405
475 0 779 406
475 1 779 405
476 0 779 406
476 1 779 405