FRAME   ID  X   Y (0 is Leader, 1 is Follower)  
201 0 526 611
201 1 521 597
202 0 526 611
202 1 521 597
203 0 527 612
203 1 521 597
204 0 527 614
204 1 521 597
205 0 527 614
205 1 520 599
206 0 528 615
206 1 520 600
207 0 529 614
207 1 520 602
208 0 529 615
208 1 520 602
209 0 529 614
209 1 520 602
210 0 530 615
210 1 519 603
211 0 532 615
211 1 518 602
212 0 532 615
212 1 519 602
213 0 533 616
213 1 518 602
214 0 533 617
214 1 518 603
215 0 534 616
215 1 518 603
216 0 535 617
216 1 518 603
217 0 534 616
217 1 518 603
218 0 535 617
218 1 518 603
219 0 535 617
219 1 518 603
220 0 535 617
220 1 517 604
221 0 535 617
221 1 516 605
222 0 535 617
222 1 517 605
223 0 536 618
223 1 516 605
224 0 537 619
224 1 517 605
225 0 537 619
225 1 517 605
226 0 537 619
226 1 517 605
227 0 537 619
227 1 518 605
228 0 537 619
228 1 519 604
229 0 537 619
229 1 519 604
230 0 537 619
230 1 519 604
231 0 537 619
231 1 520 604
232 0 537 619
232 1 521 604
233 0 538 619
233 1 522 604
234 0 539 619
234 1 523 604
235 0 539 619
235 1 523 604
236 0 539 619
236 1 524 604
237 0 539 619
237 1 525 604
238 0 539 619
238 1 525 605
239 0 539 619
239 1 526 605
240 0 539 619
240 1 527 605
241 0 539 619
241 1 526 605
242 0 539 619
242 1 527 605
243 0 539 619
243 1 526 605
244 0 539 619
244 1 526 605
245 0 539 619
245 1 526 605
246 0 539 619
246 1 526 606
247 0 539 619
247 1 527 607
248 0 539 619
248 1 526 607
249 0 539 619
249 1 527 607
250 0 539 619
250 1 527 607
251 0 539 619
251 1 526 607
252 0 539 619
252 1 527 607
253 0 539 619
253 1 526 607
254 0 539 619
254 1 527 608
255 0 539 619
255 1 526 608
256 0 539 619
256 1 527 608
257 0 539 619
257 1 526 608
258 0 539 619
258 1 527 608
259 0 539 619
259 1 526 608
260 0 539 619
260 1 527 608
261 0 539 619
261 1 526 608
262 0 540 620
262 1 527 608
263 0 541 621
263 1 526 608
264 0 541 620
264 1 527 608
265 0 542 622
265 1 526 608
266 0 543 622
266 1 526 608
267 0 543 623
267 1 526 608
268 0 544 622
268 1 526 608
269 0 545 623
269 1 526 608
270 0 546 623
270 1 526 608
271 0 547 623
271 1 526 608
272 0 547 623
272 1 526 607
273 0 547 623
273 1 526 607
274 0 547 623
274 1 526 606
275 0 548 623
275 1 526 607
276 0 549 623
276 1 527 607
277 0 548 623
277 1 526 607
278 0 549 623
278 1 527 607
279 0 548 623
279 1 527 607
280 0 549 623
280 1 527 607
281 0 549 623
281 1 528 607
282 0 549 623
282 1 529 607
283 0 549 623
283 1 528 607
284 0 549 623
284 1 529 607
285 0 549 623
285 1 528 607
286 0 549 623
286 1 529 608
287 0 549 623
287 1 528 609
288 0 549 623
288 1 529 609
289 0 549 623
289 1 529 609
290 0 549 623
290 1 529 609
291 0 549 623
291 1 529 609
292 0 549 623
292 1 529 609
293 0 549 623
293 1 529 609
294 0 549 623
294 1 529 609
295 0 549 623
295 1 529 609
296 0 549 623
296 1 529 609
297 0 549 623
297 1 529 609
298 0 549 623
298 1 529 609
299 0 549 623
299 1 529 609
300 0 549 623
300 1 529 609
301 0 549 623
301 1 529 609
302 0 549 623
302 1 529 609
303 0 549 623
303 1 529 609
304 0 549 623
304 1 529 609
305 0 549 623
305 1 530 609
306 0 549 623
306 1 531 609
307 0 549 623
307 1 530 609
308 0 549 623
308 1 531 610
309 0 549 623
309 1 530 611
310 0 550 623
310 1 531 610
311 0 551 623
311 1 531 611
312 0 551 622
312 1 531 610
313 0 551 623
313 1 532 611
314 0 551 622
314 1 533 610
315 0 551 623
315 1 533 611
316 0 551 623
316 1 533 610
317 0 551 623
317 1 533 611
318 0 551 623
318 1 533 610
319 0 551 623
319 1 533 611
320 0 551 623
320 1 533 611
321 0 551 623
321 1 533 611
322 0 551 623
322 1 534 611
323 0 551 623
323 1 534 611
324 0 551 623
324 1 534 611
325 0 552 623
325 1 534 612
326 0 553 623
326 1 535 612
327 0 552 623
327 1 534 612
328 0 553 623
328 1 535 612
329 0 552 624
329 1 535 612
330 0 553 625
330 1 535 612
331 0 552 624
331 1 535 612
332 0 553 625
332 1 535 612
333 0 552 624
333 1 536 612
334 0 553 625
334 1 537 612
335 0 553 624
335 1 537 612
336 0 553 625
336 1 537 612
337 0 553 625
337 1 537 612
338 0 553 625
338 1 537 612
339 0 553 625
339 1 538 612
340 0 553 625
340 1 539 613
341 0 553 625
341 1 539 613
342 0 553 625
342 1 539 613
343 0 553 625
343 1 540 613
344 0 553 625
344 1 541 613
345 0 553 625
345 1 541 614
346 0 553 625
346 1 541 615
347 0 553 625
347 1 541 614
348 0 553 625
348 1 541 615
349 0 554 626
349 1 541 615
350 0 555 627
350 1 541 615
351 0 555 626
351 1 541 615
352 0 555 627
352 1 541 615
353 0 556 627
353 1 542 616
354 0 557 627
354 1 543 617
355 0 557 627
355 1 542 616
356 0 557 627
356 1 543 617
357 0 558 627
357 1 543 616
358 0 559 627
358 1 543 616
359 0 559 627
359 1 544 616
360 0 560 627
360 1 545 616
361 0 561 627
361 1 545 616
362 0 560 627
362 1 545 616
363 0 561 627
363 1 546 616
364 0 560 627
364 1 547 616
365 0 561 627
365 1 546 617
366 0 560 627
366 1 547 616
367 0 561 627
367 1 547 617
368 0 561 627
368 1 547 616
369 0 561 627
369 1 547 617
370 0 561 627
370 1 547 617
371 0 561 627
371 1 548 617
372 0 561 627
372 1 549 617
373 0 562 627
373 1 549 618
374 0 563 627
374 1 549 619
375 0 562 627
375 1 549 618
376 0 563 627
376 1 550 619
377 0 563 627
377 1 551 618
378 0 563 627
378 1 550 619
379 0 564 627
379 1 551 618
380 0 565 627
380 1 550 619
381 0 565 627
381 1 551 618
382 0 566 627
382 1 551 619
RESET
383 0 551 619
383 1 567 627
384 0 551 619
384 1 567 627
385 0 551 619
385 1 567 627
386 0 552 619
386 1 568 626
387 0 553 619
387 1 569 627
388 0 553 619
388 1 568 626
389 0 553 619
389 1 569 627
390 0 553 619
390 1 568 626
391 0 554 619
391 1 569 626
392 0 555 619
392 1 569 626
393 0 555 619
393 1 569 626
394 0 555 619
394 1 569 626
395 0 556 619
395 1 569 626
396 0 558 619
396 1 569 626
397 0 558 619
397 1 569 626
398 0 558 619
398 1 569 626
399 0 558 619
399 1 570 625
400 0 558 619
400 1 572 624
401 0 559 619
401 1 573 625
402 0 558 619
402 1 573 623
403 0 559 620
403 1 574 622
404 0 559 621
404 1 575 622
405 0 559 620
405 1 575 621
406 0 560 621
406 1 575 620
407 0 561 621
407 1 576 620
408 0 561 621
408 1 577 620
409 0 562 621
409 1 576 619
410 0 563 621
410 1 577 618
411 0 563 621
411 1 576 619
412 0 564 620
412 1 577 618
413 0 565 621
413 1 577 618
414 0 565 620
414 1 577 618
415 0 565 620
415 1 577 618
416 0 566 620
416 1 577 618
417 0 567 620
417 1 577 618
418 0 567 620
418 1 577 618
419 0 567 620
419 1 577 618
420 0 568 620
420 1 577 618
421 0 569 620
421 1 577 617
422 0 569 620
422 1 577 616
423 0 569 620
423 1 577 616
424 0 569 620
424 1 577 616
425 0 570 620
425 1 577 616
426 0 571 619
426 1 577 615
427 0 570 618
427 1 577 615
428 0 571 618
428 1 577 615
429 0 571 618
429 1 577 615
430 0 571 617
430 1 577 615
431 0 571 616
431 1 577 615
432 0 571 616
432 1 577 615
433 0 571 616
433 1 577 614
434 0 571 615
434 1 577 614
435 0 571 614
435 1 577 614
436 0 571 615
436 1 577 614
437 0 571 614
437 1 577 614
438 0 571 614
438 1 577 614
439 0 571 614
439 1 577 614
440 0 571 614
440 1 577 614
441 0 571 614
441 1 577 613
442 0 571 614
442 1 577 613
443 0 571 614
443 1 577 613
444 0 571 614
444 1 577 613
445 0 571 614
445 1 577 613
446 0 571 614
446 1 577 613
447 0 571 614
447 1 577 613
448 0 571 614
448 1 577 613
449 0 571 614
449 1 577 613
450 0 580 620
450 1 579 607
451 0 580 620
451 1 579 606
452 0 580 619
452 1 579 606
453 0 580 618
453 1 579 606
454 0 581 618
454 1 579 606
455 0 580 618
455 1 579 606
456 0 581 618
456 1 579 605
457 0 580 617
457 1 579 604
458 0 581 616
458 1 579 604
459 0 580 617
459 1 579 604
460 0 581 616
460 1 579 604
461 0 581 616
461 1 579 604
462 0 581 616
462 1 579 603
463 0 581 615
463 1 579 602
464 0 581 614
464 1 579 603
465 0 581 615
465 1 580 601
466 0 581 614
466 1 581 600
467 0 581 614
467 1 581 600
468 0 581 614
468 1 581 599
469 0 581 613
469 1 581 597
470 0 581 612
470 1 582 596
471 0 581 613
471 1 583 596
472 0 581 612
472 1 583 595
473 0 581 612
473 1 583 594
474 0 581 611
474 1 583 594
475 0 581 610
475 1 583 594
476 0 581 610
476 1 583 594
477 0 581 610
477 1 583 594
478 0 581 610
478 1 584 594
479 0 581 610
479 1 584 594
480 0 581 610
480 1 584 594
481 0 581 610
481 1 585 594
482 0 581 610
482 1 584 594
483 0 580 609
483 1 585 594
484 0 581 608
484 1 584 594
485 0 580 608
485 1 585 594
486 0 581 608
486 1 585 594
487 0 580 608
487 1 585 594
488 0 580 607
488 1 585 594
489 0 580 606
489 1 585 594
490 0 580 607
490 1 585 594
491 0 581 606
491 1 585 594
492 0 580 607
492 1 585 594
493 0 581 606
493 1 585 594
494 0 580 606
494 1 585 594
495 0 581 606
495 1 585 594
496 0 581 606
496 1 585 593
497 0 581 606
497 1 585 592
498 0 581 605
498 1 586 593
499 0 581 604
499 1 587 592
500 0 581 604
500 1 586 593
501 0 581 603
501 1 587 592
502 0 582 601
502 1 586 593
503 0 582 601
503 1 587 592
504 0 582 601
504 1 586 593
505 0 582 601
505 1 587 592
506 0 582 600
506 1 587 592
507 0 582 601
507 1 587 592
508 0 582 600
508 1 587 591
509 0 582 601
509 1 587 590
510 0 582 600
510 1 588 590
511 0 583 600
511 1 589 589
512 0 582 600
512 1 589 588
513 0 583 599
513 1 589 588
514 0 583 598
514 1 590 587
515 0 583 598
515 1 591 586
516 0 584 598
516 1 590 586
517 0 585 597
517 1 591 586
518 0 584 597
518 1 590 586
519 0 585 596
519 1 591 586
520 0 585 596
520 1 591 585
521 0 585 596
521 1 591 584
522 0 586 596
522 1 591 584
523 0 587 595
523 1 592 583
524 0 586 594
524 1 593 581
525 0 588 594
525 1 592 580
526 0 588 594
526 1 593 579
527 0 588 593
527 1 592 577
528 0 588 592
528 1 593 576
529 0 589 592
529 1 592 576
530 0 588 592
530 1 593 576
531 0 589 591
531 1 592 575
532 0 589 590
532 1 593 574
533 0 589 590
533 1 592 575
534 0 589 590
534 1 593 574
535 0 589 589
535 1 592 574
536 0 590 588
536 1 593 574
537 0 590 588
537 1 592 574
538 0 590 587
538 1 593 574
539 0 591 586
539 1 592 574
540 0 590 586
540 1 593 574
541 0 591 586
541 1 592 574
542 0 591 585
542 1 593 573
543 0 591 583
543 1 592 572
544 0 591 582
544 1 593 573
545 0 591 582
545 1 592 572
546 0 591 582
546 1 593 572
547 0 591 581
547 1 592 573
548 0 591 580
548 1 593 572
549 0 591 581
549 1 592 572
550 0 591 580
550 1 592 572
551 0 591 581
551 1 592 571
552 0 591 580
552 1 592 570
553 0 591 580
553 1 592 570
554 0 592 580
554 1 592 569
555 0 593 579
555 1 592 568
556 0 592 578
556 1 591 567
557 0 593 577
557 1 590 566
558 0 593 576
558 1 590 565
559 0 593 576
559 1 590 564
560 0 593 575
560 1 589 563
561 0 593 574
561 1 588 562
562 0 593 574
562 1 588 561
563 0 593 574
563 1 588 560
564 0 593 573
564 1 588 561
565 0 593 572
565 1 588 560
566 0 593 572
566 1 587 560
567 0 593 572
567 1 586 560
568 0 593 571
568 1 586 559
569 0 593 570
569 1 586 558
570 0 593 571
570 1 586 558
571 0 593 570
571 1 586 558
572 0 592 571
572 1 586 558
573 0 593 571
573 1 586 558
574 0 592 571
574 1 585 557
575 0 593 571
575 1 585 557
576 0 592 571
576 1 584 556
577 0 593 570
577 1 585 557
578 0 593 571
578 1 584 556
579 0 593 570
579 1 585 556
580 0 593 570
580 1 584 556
581 0 593 570
581 1 584 555
582 0 593 570
582 1 584 554
583 0 593 570
583 1 584 555
584 0 592 570
584 1 584 554
585 0 593 570
585 1 584 554
586 0 592 570
586 1 584 554
587 0 593 570
587 1 584 554
588 0 592 570
588 1 584 554
589 0 593 570
589 1 584 554
590 0 593 570
590 1 584 554
591 0 593 570
591 1 584 554
592 0 593 569
592 1 584 554
593 0 593 568
593 1 584 554
594 0 593 568
594 1 584 554
595 0 593 568
595 1 584 554
596 0 593 568
596 1 584 554
597 0 593 567
597 1 585 553
598 0 593 566
598 1 584 552
599 0 593 566
599 1 585 552
600 0 593 566
600 1 584 552
601 0 592 565
601 1 585 552
602 0 592 564
602 1 584 552
603 0 592 564
603 1 585 552
604 0 591 563
604 1 585 552
605 0 590 562
605 1 585 552
606 0 590 562
606 1 585 552
607 0 589 561
607 1 585 552
608 0 588 560
608 1 585 552
609 0 589 561
609 1 585 552
610 0 588 560
610 1 585 552
611 0 588 560
611 1 585 552
612 0 588 560
612 1 585 551
RESET
613 0 585 551
613 1 588 560
614 0 585 551
614 1 587 559
615 0 595 549
615 1 585 558
616 0 596 549
616 1 585 558
617 0 598 549
617 1 585 557
618 0 599 550
618 1 585 556
619 0 599 551
619 1 585 556
620 0 599 550
620 1 585 556
621 0 600 551
621 1 585 554
622 0 601 550
622 1 585 554
623 0 600 551
623 1 585 552
624 0 601 550
624 1 585 552
625 0 601 551
625 1 585 551
626 0 601 550
626 1 585 550
627 0 601 551
627 1 585 550
628 0 601 550
628 1 585 550
629 0 602 551
629 1 585 549
630 0 604 550
630 1 585 548
631 0 605 550
631 1 585 548
632 0 605 549
632 1 586 548
633 0 606 548
633 1 587 548
634 0 608 548
634 1 586 548
635 0 609 548
635 1 587 548
636 0 609 547
636 1 588 548
637 0 610 546
637 1 589 548
638 0 611 546
638 1 589 548
639 0 611 546
639 1 590 548
640 0 611 546
640 1 592 548
641 0 611 546
641 1 594 548
642 0 612 545
642 1 595 548
643 0 613 544
643 1 596 548
644 0 613 544
644 1 598 547
645 0 613 544
645 1 599 546
646 0 613 544
646 1 598 547
647 0 614 543
647 1 599 546
648 0 615 542
648 1 599 546
649 0 616 542
649 1 599 546
650 0 617 541
650 1 600 546
651 0 618 539
651 1 601 545
652 0 620 538
652 1 601 544
653 0 621 538
653 1 601 545
654 0 621 536
654 1 601 544
655 0 622 535
655 1 602 545
656 0 624 534
656 1 603 544
657 0 624 534
657 1 603 545
658 0 624 534
658 1 604 544
659 0 624 534
659 1 605 545
660 0 624 533
660 1 605 544
661 0 625 532
661 1 605 545
662 0 624 532
662 1 606 544
663 0 625 532
663 1 607 545
664 0 625 532
664 1 606 544
665 0 625 532
665 1 607 545
666 0 625 531
666 1 606 544
667 0 625 530
667 1 606 545
668 0 625 530
668 1 606 544
669 0 625 530
669 1 606 544
670 0 625 530
670 1 606 544
671 0 625 530
671 1 607 544
672 0 625 530
672 1 607 544
673 0 625 530
673 1 607 543
674 0 625 530
674 1 607 542
675 0 625 530
675 1 607 542
676 0 625 530
676 1 607 541
677 0 625 530
677 1 607 540
678 0 625 530
678 1 607 540
679 0 625 530
679 1 606 539
680 0 625 530
680 1 607 538
681 0 625 530
681 1 606 539
682 0 625 530
682 1 606 538
683 0 625 530
683 1 606 538
684 0 625 530
684 1 606 538
685 0 625 530
685 1 605 538
686 0 625 530
686 1 603 538
687 0 625 530
687 1 602 538
688 0 625 530
688 1 602 538
689 0 625 530
689 1 602 538
690 0 625 530
690 1 601 539
691 0 625 530
691 1 599 539
692 0 625 530
692 1 598 539
693 0 625 530
693 1 599 539
694 0 625 530
694 1 598 539
695 0 625 530
695 1 598 540
696 0 625 530
696 1 598 541
697 0 625 530
697 1 597 541
698 0 625 530
698 1 596 542
699 0 626 530
699 1 597 543
700 0 627 530
700 1 596 543
701 0 626 530
701 1 596 544
702 0 627 530
702 1 596 546
703 0 626 530
703 1 595 547
704 0 627 530
704 1 594 547
705 0 626 530
705 1 594 548
706 0 627 530
706 1 594 549
707 0 626 530
707 1 593 549
708 0 627 530
708 1 592 549
709 0 626 530
709 1 592 550
710 0 627 530
710 1 592 551
711 0 626 530
711 1 592 550
712 0 627 530
712 1 591 551
713 0 626 530
713 1 589 551
714 0 627 530
714 1 588 551
715 0 626 530
715 1 588 551
716 0 627 530
716 1 588 551
717 0 626 530
717 1 587 551
718 0 627 530
718 1 585 551
719 0 626 530
719 1 584 550
720 0 627 530
720 1 584 550
721 0 626 530
721 1 584 550
722 0 627 530
722 1 583 550
723 0 626 530
723 1 582 550
724 0 627 530
724 1 582 550
725 0 626 530
725 1 582 550
726 0 627 530
726 1 582 549
727 0 626 530
727 1 582 548
728 0 627 530
728 1 581 548
729 0 626 530
729 1 580 548
730 0 627 530
730 1 580 547
731 0 626 530
731 1 581 546
732 0 627 530
732 1 580 546
733 0 626 530
733 1 581 545
734 0 627 530
734 1 581 544
735 0 626 530
735 1 581 545
736 0 627 530
736 1 581 544
737 0 626 530
737 1 582 544
738 0 627 530
738 1 584 544
739 0 626 530
739 1 584 544
740 0 627 530
740 1 585 544
741 0 626 530
741 1 585 544
742 0 626 530
742 1 586 544
743 0 626 530
743 1 587 544
744 0 626 530
744 1 588 545
745 0 626 530
745 1 589 545
746 0 626 530
746 1 589 545
747 0 626 530
747 1 590 546
748 0 626 530
748 1 592 547
749 0 626 530
749 1 593 547
750 0 626 530
750 1 593 547
751 0 626 530
751 1 594 547
752 0 626 530
752 1 596 547
753 0 626 530
753 1 596 547
754 0 626 530
754 1 597 547
755 0 626 530
755 1 597 546
756 0 626 530
756 1 597 546
757 0 626 530
757 1 598 546
758 0 626 530
758 1 600 546
759 0 626 530
759 1 601 545
760 0 626 530
760 1 600 543
761 0 626 530
761 1 601 543
762 0 626 530
762 1 601 543
763 0 626 530
763 1 601 543
764 0 626 530
764 1 601 543
765 0 626 530
765 1 601 543
766 0 626 530
766 1 602 543
767 0 626 530
767 1 604 543
768 0 626 530
768 1 604 542
769 0 626 530
769 1 605 543
770 0 626 530
770 1 605 542
771 0 626 530
771 1 606 542
772 0 626 530
772 1 608 541
773 0 626 530
773 1 608 539
774 0 626 530
774 1 609 538
775 0 626 530
775 1 609 538
776 0 626 530
776 1 610 537
777 0 626 530
777 1 612 535
778 0 626 530
778 1 613 534
779 0 626 530
779 1 613 534
780 0 626 530
780 1 614 534
781 0 626 530
781 1 615 533
782 0 627 530
782 1 614 532
783 0 626 530
783 1 615 533
784 0 627 530
784 1 614 532
785 0 626 530
785 1 615 533
786 0 627 530
786 1 614 532
787 0 626 530
787 1 615 533
788 0 627 530
788 1 615 532
789 0 626 530
789 1 615 533
790 0 627 530
790 1 615 532
791 0 627 529
791 1 615 532
792 0 627 528
792 1 615 532
793 0 627 528
793 1 616 532
794 0 627 528
794 1 617 532
795 0 628 527
795 1 616 531
796 0 629 526
796 1 617 530
797 0 629 525
797 1 617 531
798 0 629 523
798 1 617 530
799 0 629 523
799 1 617 530
800 0 629 523
800 1 617 530
801 0 630 522
801 1 618 530
802 0 631 522
802 1 619 529
803 0 630 521
803 1 619 528
804 0 631 520
804 1 619 528
805 0 631 520
805 1 620 528
806 0 631 520
806 1 621 527
807 0 631 519
807 1 621 526
808 0 631 518
808 1 622 526
809 0 631 519
809 1 623 526
810 0 631 518
810 1 623 526
811 0 631 518
811 1 623 526
812 0 631 518
812 1 623 526
813 0 631 518
813 1 624 526
814 0 631 517
814 1 625 525
815 0 631 516
815 1 624 524
816 0 631 516
816 1 625 525
817 0 632 516
817 1 625 524
818 0 632 516
818 1 625 524
819 0 632 515
819 1 625 524
820 0 632 514
820 1 625 524
821 0 632 515
821 1 626 523
822 0 632 514
822 1 627 522
823 0 632 514
823 1 627 522
824 0 632 514
824 1 627 522
825 0 632 514
825 1 627 522
RESET