FRAME   ID  X   Y (0 is Leader, 1 is Follower)
1 0 826 525
1 1 806 520
2 0 826 525
2 1 806 520
3 0 828 526
3 1 807 522
4 0 828 526
4 1 808 522
5 0 829 526
5 1 808 522
6 0 829 526
6 1 808 522
7 0 829 526
7 1 809 523
8 0 829 526
8 1 808 522
9 0 829 526
9 1 807 522
10 0 829 526
10 1 808 522
11 0 829 526
11 1 808 522
12 0 829 526
12 1 809 522
13 0 829 526
13 1 809 522
14 0 830 526
14 1 809 522
15 0 831 527
15 1 809 522
16 0 833 527
16 1 810 521
17 0 834 527
17 1 810 521
18 0 836 528
18 1 811 521
19 0 837 528
19 1 812 520
20 0 838 528
20 1 813 520
21 0 839 528
21 1 814 520
22 0 839 528
22 1 816 520
23 0 840 528
23 1 818 520
24 0 840 528
24 1 820 520
25 0 840 528
25 1 821 521
26 0 840 528
26 1 821 521
27 0 841 528
27 1 821 521
28 0 843 528
28 1 821 521
29 0 844 528
29 1 822 521
30 0 846 529
30 1 823 522
31 0 848 529
31 1 824 522
32 0 849 529
32 1 825 523
33 0 850 528
33 1 826 525
34 0 850 528
34 1 827 526
35 0 850 528
35 1 828 528
36 0 850 528
36 1 829 529
37 0 850 528
37 1 830 530
38 0 851 528
38 1 832 531
39 0 851 528
39 1 833 532
40 0 852 527
40 1 834 532
41 0 852 527
41 1 834 533
42 0 852 527
42 1 834 533
43 0 852 527
43 1 834 533
44 0 852 527
44 1 835 533
45 0 852 527
45 1 834 533
46 0 853 527
46 1 835 533
47 0 853 527
47 1 835 533
48 0 854 527
48 1 835 533
49 0 855 527
49 1 835 533
50 0 857 527
50 1 836 533
51 0 859 526
51 1 837 532
52 0 860 526
52 1 837 531
53 0 860 526
53 1 838 530
54 0 860 526
54 1 839 529
55 0 861 526
55 1 840 528
56 0 861 526
56 1 841 527
57 0 861 526
57 1 842 526
58 0 861 526
58 1 842 526
59 0 861 526
59 1 843 525
60 0 861 526
60 1 843 524
61 0 862 526
61 1 844 524
62 0 862 526
62 1 845 523
63 0 863 527
63 1 845 522
64 0 863 527
64 1 846 522
65 0 864 527
65 1 846 522
66 0 865 528
66 1 846 522
67 0 866 529
67 1 846 522
68 0 867 529
68 1 846 522
69 0 868 529
69 1 846 522
70 0 869 530
70 1 846 522
71 0 869 530
71 1 847 522
72 0 870 530
72 1 847 522
73 0 870 530
73 1 848 523
74 0 870 530
74 1 849 523
75 0 870 530
75 1 850 523
76 0 870 530
76 1 851 524
77 0 870 530
77 1 852 524
78 0 870 530
78 1 852 524
79 0 870 530
79 1 852 524
80 0 871 530
80 1 852 524
81 0 872 529
81 1 852 524
82 0 873 529
82 1 852 524
83 0 875 529
83 1 852 524
84 0 876 528
84 1 852 524
85 0 878 528
85 1 853 524
86 0 880 528
86 1 855 525
87 0 882 528
87 1 856 525
88 0 883 527
88 1 858 525
89 0 883 527
89 1 860 525
90 0 884 527
90 1 861 525
91 0 884 527
91 1 863 526
92 0 884 527
92 1 863 526
93 0 885 526
93 1 864 526
94 0 885 526
94 1 864 526
95 0 885 526
95 1 864 526
96 0 886 526
96 1 865 526
97 0 887 525
97 1 865 526
98 0 888 525
98 1 866 526
99 0 890 524
99 1 867 526
100 0 892 523
100 1 869 527
101 0 893 523
101 1 870 527
102 0 894 523
102 1 872 527
103 0 894 523
103 1 873 526
104 0 894 523
104 1 875 526
105 0 894 523
105 1 877 526
106 0 895 523
106 1 878 526
107 0 895 523
107 1 878 526
108 0 895 523
108 1 878 526
109 0 896 522
109 1 878 526
110 0 897 522
110 1 878 526
111 0 898 522
111 1 878 526
112 0 900 521
112 1 878 526
113 0 901 521
113 1 879 526
114 0 902 520
114 1 880 526
115 0 903 520
115 1 880 526
116 0 904 520
116 1 881 526
117 0 905 520
117 1 882 526
118 0 906 519
118 1 883 526
119 0 907 519
119 1 885 527
120 0 909 518
120 1 886 527
121 0 910 518
121 1 886 527
122 0 910 518
122 1 886 527
123 0 911 518
123 1 886 527
124 0 912 517
124 1 887 528
125 0 913 517
125 1 887 528
126 0 913 517
126 1 887 528
127 0 913 517
127 1 887 528
128 0 913 517
128 1 887 528
129 0 914 517
129 1 887 528
130 0 914 517
130 1 888 528
131 0 914 517
131 1 888 528
132 0 914 517
132 1 888 528
133 0 914 517
133 1 888 529
134 0 914 517
134 1 888 529
135 0 914 517
135 1 888 529
136 0 914 517
136 1 888 529
137 0 914 517
137 1 889 528
138 0 914 517
138 1 889 528
139 0 914 517
139 1 889 527
140 0 914 517
140 1 889 526
141 0 914 517
141 1 890 524
142 0 914 517
142 1 890 524
143 0 914 517
143 1 890 522
144 0 914 517
144 1 890 521
145 0 914 517
145 1 890 520
146 0 914 517
146 1 891 518
147 0 914 517
147 1 891 517
148 0 914 517
148 1 892 516
149 0 914 517
149 1 893 515
150 0 914 517
150 1 894 514
151 0 914 517
151 1 895 514
152 0 914 517
152 1 896 513
153 0 914 517
153 1 896 513
154 0 914 517
154 1 897 513
155 0 914 517
155 1 897 513
156 0 915 517
156 1 897 513
157 0 917 517
157 1 898 512
158 0 918 517
158 1 898 512
159 0 920 517
159 1 899 512
160 0 921 517
160 1 899 512
161 0 923 517
161 1 900 512
162 0 925 517
162 1 901 513
163 0 926 517
163 1 902 513
164 0 926 517
164 1 903 513
165 0 927 517
165 1 905 515
166 0 927 517
166 1 906 515
167 0 927 517
167 1 907 516
168 0 927 517
168 1 908 517
169 0 928 517
169 1 909 517
170 0 928 517
170 1 910 517
171 0 928 517
171 1 910 517
172 0 929 517
172 1 910 517
173 0 929 517
173 1 910 517
174 0 931 516
174 1 911 517
175 0 933 516
175 1 912 517
176 0 934 516
176 1 912 517
177 0 936 515
177 1 913 517
178 0 937 515
178 1 914 516
179 0 937 515
179 1 915 516
180 0 937 515
180 1 916 515
181 0 938 515
181 1 918 515
182 0 939 515
182 1 919 515
183 0 940 515
183 1 921 514
184 0 941 514
184 1 922 514
185 0 942 514
185 1 922 514
186 0 943 514
186 1 923 514
187 0 944 514
187 1 924 514
188 0 946 514
188 1 924 515
189 0 948 513
189 1 925 515
190 0 949 513
190 1 926 515
191 0 950 513
191 1 927 515
192 0 951 513
192 1 928 515
193 0 951 513
193 1 929 515
194 0 952 513
194 1 931 515
195 0 952 513
195 1 932 515
196 0 952 513
196 1 933 515
197 0 952 513
197 1 934 514
198 0 953 513
198 1 934 514
199 0 953 513
199 1 935 514
200 0 953 513
200 1 935 514
201 0 954 513
201 1 935 514
202 0 955 514
202 1 935 514
203 0 956 514
203 1 936 513
204 0 957 515
204 1 936 513
205 0 959 516
205 1 937 512
206 0 960 517
206 1 938 512
207 0 961 518
207 1 939 511
208 0 961 518
208 1 940 511
209 0 961 518
209 1 941 510
210 0 961 518
210 1 943 510
211 0 961 518
211 1 944 510
212 0 961 518
212 1 945 510
213 0 961 518
213 1 945 510
214 0 961 518
214 1 945 510
215 0 962 518
215 1 945 510
216 0 963 518
216 1 945 510
217 0 965 519
217 1 946 510
218 0 966 519
218 1 946 511
219 0 968 520
219 1 946 511
220 0 970 521
220 1 947 511
221 0 972 521
221 1 948 512
222 0 974 522
222 1 948 513
223 0 975 523
223 1 949 514
224 0 975 523
224 1 950 514
225 0 975 523
225 1 951 515
226 0 975 523
226 1 952 515
227 0 975 523
227 1 953 516
228 0 975 523
228 1 954 516
229 0 975 523
229 1 954 516
230 0 975 523
230 1 955 516
231 0 975 523
231 1 956 516
232 0 975 523
232 1 957 516
233 0 975 523
233 1 958 516
234 0 975 523
234 1 958 516
235 0 976 523
235 1 959 516
236 0 976 524
236 1 960 516
237 0 976 524
237 1 961 516
238 0 976 524
238 1 962 516
239 0 976 524
239 1 963 516
240 0 976 524
240 1 964 516
241 0 976 524
241 1 964 516
242 0 976 524
242 1 964 516
243 0 976 524
243 1 964 516
244 0 976 524
244 1 964 516
245 0 977 524
245 1 965 515
246 0 978 525
246 1 965 515
247 0 980 525
247 1 965 515
248 0 981 526
248 1 965 515
249 0 983 527
249 1 965 515
250 0 985 528
250 1 965 515
251 0 987 528
251 1 965 515
252 0 989 529
252 1 965 515
253 0 990 529
253 1 966 515
254 0 990 529
254 1 967 516
255 0 991 529
255 1 967 517
256 0 991 529
256 1 968 517
257 0 991 529
257 1 968 518
258 0 991 529
258 1 968 519
259 0 992 529
259 1 969 521
260 0 992 529
260 1 969 521
261 0 993 529
261 1 970 523
262 0 994 529
262 1 970 523
263 0 994 529
263 1 970 523
264 0 994 529
264 1 970 524
265 0 994 529
265 1 971 525
266 0 994 529
266 1 971 526
267 0 994 529
267 1 971 526
268 0 994 529
268 1 972 527
269 0 994 529
269 1 972 527
270 0 994 529
270 1 972 527
271 0 994 529
271 1 972 528
272 0 994 529
272 1 972 528
273 0 994 529
273 1 973 528
274 0 994 529
274 1 973 528
275 0 994 529
275 1 974 529
276 0 994 529
276 1 974 529
277 0 994 529
277 1 975 529
278 0 994 529
278 1 975 529
279 0 994 529
279 1 976 529
280 0 994 529
280 1 977 529
281 0 994 529
281 1 977 529
282 0 994 529
282 1 977 529
283 0 995 529
283 1 977 529
284 0 995 530
284 1 978 528
285 0 997 530
285 1 978 528
286 0 999 531
286 1 979 528
287 0 1000 532
287 1 979 528
288 0 1002 533
288 1 980 527
289 0 1003 533
289 1 980 527
290 0 1005 534
290 1 980 527
291 0 1005 534
291 1 981 527
292 0 1006 534
292 1 982 527
293 0 1006 534
293 1 983 527
294 0 1006 534
294 1 984 528
295 0 1007 534
295 1 985 528
296 0 1007 534
296 1 986 529
297 0 1008 535
297 1 987 529
298 0 1008 535
298 1 987 529
299 0 1008 535
299 1 988 529
300 0 1008 535
300 1 989 528
301 0 1009 535
301 1 990 528
302 0 1009 535
302 1 991 528
303 0 1009 535
303 1 992 527
304 0 1009 535
304 1 993 527
305 0 1009 535
305 1 994 527
306 0 1009 535
306 1 995 527
307 0 1009 535
307 1 995 527
308 0 1009 535
308 1 996 527
309 0 1009 535
309 1 996 527
310 0 1009 535
310 1 996 527
311 0 1010 535
311 1 996 527
312 0 1012 535
312 1 996 527
313 0 1013 535
313 1 996 527
314 0 1015 535
314 1 997 527
315 0 1017 535
315 1 997 527
316 0 1018 535
316 1 997 527
317 0 1019 534
317 1 998 528
318 0 1020 534
318 1 999 529
319 0 1020 534
319 1 999 529
320 0 1020 534
320 1 999 530
321 0 1020 534
321 1 1000 531
322 0 1021 534
322 1 1001 532
323 0 1022 533
323 1 1002 533
324 0 1022 533
324 1 1003 534
325 0 1022 533
325 1 1004 535
326 0 1022 533
326 1 1005 536
327 0 1022 533
327 1 1006 537
328 0 1022 533
328 1 1007 537
329 0 1022 533
329 1 1008 538
330 0 1022 533
330 1 1009 539
331 0 1022 533
331 1 1010 539
332 0 1022 533
332 1 1010 539
333 0 1022 533
333 1 1010 539
334 0 1022 533
334 1 1011 539
335 0 1022 533
335 1 1011 539
336 0 1022 533
336 1 1011 539
337 0 1022 533
337 1 1011 539
338 0 1022 533
338 1 1011 539
339 0 1023 533
339 1 1011 539
RESET
340 0 1015 540
340 1 1026 528
341 0 1016 540
341 1 1026 528
342 0 1016 540
342 1 1026 528
343 0 1016 540
343 1 1026 528
344 0 1016 540
344 1 1026 528
345 0 1017 540
345 1 1026 528
346 0 1017 540
346 1 1026 528
347 0 1017 540
347 1 1026 528
348 0 1017 540
348 1 1026 528
349 0 1017 540
349 1 1026 528
350 0 1017 540
350 1 1027 528
351 0 1017 540
351 1 1028 527
352 0 1018 540
352 1 1029 527
353 0 1018 540
353 1 1031 526
354 0 1018 540
354 1 1032 525
355 0 1019 540
355 1 1032 525
356 0 1020 540
356 1 1032 525
357 0 1020 539
357 1 1032 525
358 0 1021 538
358 1 1033 524
359 0 1021 537
359 1 1033 524
360 0 1022 536
360 1 1033 524
361 0 1022 535
361 1 1033 524
362 0 1023 534
362 1 1033 524
363 0 1023 533
363 1 1033 524
364 0 1023 532
364 1 1034 524
365 0 1023 531
365 1 1035 524
366 0 1024 530
366 1 1037 524
367 0 1024 529
367 1 1039 524
368 0 1025 528
368 1 1041 524
369 0 1026 527
369 1 1043 524
370 0 1026 526
370 1 1045 524
371 0 1027 525
371 1 1046 524
372 0 1028 525
372 1 1046 524
373 0 1029 524
373 1 1047 524
374 0 1030 524
374 1 1048 524
375 0 1030 524
375 1 1048 524
376 0 1031 524
376 1 1049 524
377 0 1031 524
377 1 1049 524
378 0 1032 524
378 1 1049 524
379 0 1033 524
379 1 1050 524
380 0 1034 524
380 1 1050 524
381 0 1034 524
381 1 1050 524
382 0 1035 524
382 1 1051 524
383 0 1036 525
383 1 1052 524
384 0 1037 526
384 1 1053 524
385 0 1037 526
385 1 1055 524
386 0 1039 527
386 1 1057 524
387 0 1040 528
387 1 1058 523
388 0 1041 528
388 1 1060 523
389 0 1042 528
389 1 1062 522
390 0 1044 528
390 1 1063 521
391 0 1045 529
391 1 1063 521
392 0 1046 529
392 1 1064 520
393 0 1048 529
393 1 1065 519
394 0 1049 529
394 1 1066 519
395 0 1051 529
395 1 1066 518
396 0 1052 529
396 1 1066 518
397 0 1053 529
397 1 1067 517
398 0 1055 528
398 1 1068 516
399 0 1056 527
399 1 1068 516
400 0 1056 527
400 1 1068 516
401 0 1056 527
401 1 1068 516
402 0 1056 527
402 1 1069 515
403 0 1056 527
403 1 1070 515
404 0 1057 527
404 1 1071 514
405 0 1058 526
405 1 1072 513
406 0 1059 525
406 1 1073 512
407 0 1060 525
407 1 1074 511
408 0 1061 525
408 1 1075 510
409 0 1062 525
409 1 1075 510
410 0 1063 525
410 1 1076 509
411 0 1065 523
411 1 1076 508
412 0 1066 523
412 1 1077 507
413 0 1068 522
413 1 1077 506
414 0 1069 521
414 1 1078 505
415 0 1069 521
415 1 1079 505
416 0 1070 521
416 1 1079 505
417 0 1070 521
417 1 1080 505
418 0 1071 520
418 1 1080 505
419 0 1071 519
419 1 1082 504
420 0 1071 519
420 1 1083 504
421 0 1072 518
421 1 1084 503
422 0 1072 517
422 1 1086 503
423 0 1073 517
423 1 1088 503
424 0 1073 516
424 1 1090 503
425 0 1074 515
425 1 1087 503
426 0 1075 514
426 1 1088 504
427 0 1075 513
427 1 1089 504
428 0 1077 511
428 1 1089 504
429 0 1077 511
429 1 1089 504
430 0 1078 510
430 1 1090 504
431 0 1079 510
431 1 1090 504
432 0 1079 510
432 1 1090 504
433 0 1080 509
433 1 1090 504
434 0 1081 509
434 1 1090 504
435 0 1081 509
435 1 1090 504
436 0 1081 508
436 1 1090 504
437 0 1082 508
437 1 1090 504
438 0 1082 507
438 1 1090 504
439 0 1083 507
439 1 1090 504
440 0 1084 506
440 1 1090 504
441 0 1084 506
441 1 1090 504
442 0 1084 506
442 1 1090 504
443 0 1084 506
443 1 1090 504
444 0 1084 506
444 1 1090 504
445 0 1085 506
445 1 1090 504
446 0 1085 506
446 1 1090 504
447 0 1085 506
447 1 1089 504
448 0 1086 506
448 1 1090 504
449 0 1087 506
449 1 1090 504
450 0 1088 506
450 1 1091 504
451 0 1088 506
451 1 1091 504
452 0 1089 506
452 1 1093 505
453 0 1091 506
453 1 1094 505
454 0 1092 506
454 1 1095 505
455 0 1094 507
455 1 1096 505
456 0 1095 507
456 1 1097 505
457 0 1097 507
457 1 1094 505
458 0 1098 507
458 1 1095 505
RESET