FRAME   ID  X   Y
1 0 89 75
1 1 94 93
2 0 88 75
2 1 94 93
3 0 88 75
3 1 94 93
4 0 87 75
4 1 94 93
5 0 86 75
5 1 94 93
6 0 86 75
6 1 94 93
7 0 84 76
7 1 94 93
8 0 83 77
8 1 94 93
9 0 82 77
9 1 94 93
10 0 83 76
10 1 94 93
11 0 82 77
11 1 94 93
12 0 83 76
12 1 94 93
13 0 83 77
13 1 94 93
14 0 83 76
14 1 94 93
15 0 83 77
15 1 94 93
16 0 83 76
16 1 94 93
17 0 83 77
17 1 94 93
18 0 83 76
18 1 94 93
19 0 83 77
19 1 94 93
20 0 83 76
20 1 94 93
21 0 83 77
21 1 94 93
22 0 83 76
22 1 94 93
23 0 83 77
23 1 94 93
24 0 83 76
24 1 94 93
25 0 83 77
25 1 94 93
26 0 84 76
26 1 94 93
27 0 85 77
27 1 94 93
28 0 85 77
28 1 94 93
29 0 85 78
29 1 94 93
30 0 85 79
30 1 94 93
31 0 85 79
31 1 94 93
32 0 85 79
32 1 94 93
33 0 85 79
33 1 94 93
34 0 85 78
34 1 94 93
35 0 85 78
35 1 94 93
36 0 85 78
36 1 94 93
37 0 85 78
37 1 94 93
38 0 85 78
38 1 94 93
39 0 85 78
39 1 94 93
40 0 86 78
40 1 94 93
41 0 87 78
41 1 94 94
42 0 86 78
42 1 94 95
43 0 87 78
43 1 94 95
44 0 87 79
44 1 94 96
45 0 87 78
45 1 94 99
46 0 87 79
46 1 94 100
47 0 88 79
47 1 94 102
48 0 89 79
48 1 94 102
49 0 88 79
49 1 94 103
50 0 89 79
50 1 94 103
51 0 89 79
51 1 94 103
52 0 89 80
52 1 94 103
53 0 90 82
53 1 94 103
54 0 91 82
54 1 94 103
55 0 91 83
55 1 94 103
56 0 92 83
56 1 95 104
57 0 93 84
57 1 94 105
58 0 92 85
58 1 96 105
59 0 94 86
59 1 96 105
60 0 94 87
60 1 96 105
61 0 94 87
61 1 97 105
62 0 95 87
62 1 97 105
63 0 94 87
63 1 97 105
64 0 95 88
64 1 98 105
65 0 94 89
65 1 100 105
66 0 94 89
66 1 100 105
67 0 94 89
67 1 101 105
68 0 94 90
68 1 101 105
69 0 93 91
69 1 101 105
70 0 92 91
70 1 102 105
71 0 93 92
71 1 104 105
72 0 92 93
72 1 104 105
73 0 92 93
73 1 105 105
74 0 92 93
74 1 105 105
75 0 92 94
75 1 107 105
76 0 92 96
76 1 108 106
77 0 92 97
77 1 110 107
78 0 92 96
78 1 110 106
79 0 92 97
79 1 111 107
80 0 92 97
80 1 110 106
81 0 92 98
81 1 111 107
82 0 92 99
82 1 111 106
83 0 92 99
83 1 111 107
84 0 92 99
84 1 111 106
85 0 92 99
85 1 111 107
86 0 92 99
86 1 111 106
87 0 92 99
87 1 111 107
88 0 92 99
88 1 111 106
89 0 92 98
89 1 111 107
90 0 92 99
90 1 111 106
91 0 92 98
91 1 111 107
92 0 92 99
92 1 111 106
93 0 93 99
93 1 111 107
94 0 92 99
94 1 111 106
95 0 93 99
95 1 111 107
96 0 92 99
96 1 111 106
97 0 93 99
97 1 112 107
98 0 93 99
98 1 114 107
99 0 94 100
99 1 116 107
100 0 96 101
100 1 117 107
101 0 97 101
101 1 117 107
102 0 96 101
102 1 117 107
103 0 99 102
103 1 117 106
104 0 99 102
104 1 118 107
105 0 100 103
105 1 119 106
106 0 102 103
106 1 120 107
107 0 103 103
107 1 121 106
108 0 102 103
108 1 120 107
109 0 103 103
109 1 121 106
110 0 102 103
110 1 120 107
111 0 103 103
111 1 121 106
112 0 102 104
112 1 121 107
113 0 103 104
113 1 122 107
114 0 103 104
114 1 123 107
115 0 103 105
115 1 123 107
116 0 103 104
116 1 124 108
117 0 104 105
117 1 126 109
118 0 105 104
118 1 127 109
119 0 106 105
119 1 127 110
120 0 106 105
120 1 127 111
121 0 107 105
121 1 129 111
122 0 108 105
122 1 130 111
123 0 111 105
123 1 131 111
124 0 112 105
124 1 131 112
125 0 115 105
125 1 131 113
126 0 114 105
126 1 131 112
127 0 115 105
127 1 131 113
128 0 115 105
128 1 132 112
129 0 115 105
129 1 134 113
130 0 115 105
130 1 135 112
131 0 116 105
131 1 136 112
132 0 117 105
132 1 137 112
133 0 117 105
133 1 137 112
134 0 118 105
134 1 140 111
135 0 121 106
135 1 142 110
136 0 121 107
136 1 144 110
137 0 122 107
137 1 145 110
138 0 123 107
138 1 144 110
139 0 123 108
139 1 146 110
140 0 125 110
140 1 147 110
141 0 125 111
141 1 147 110
142 0 126 110
142 1 148 109
143 0 127 111
143 1 149 108
144 0 126 111
144 1 148 109
145 0 127 111
145 1 149 108
146 0 126 111
146 1 149 108
147 0 127 112
147 1 149 108
148 0 127 113
148 1 149 108
149 0 127 113
149 1 149 108
150 0 127 113
150 1 149 108
151 0 127 113
151 1 149 108
152 0 127 113
152 1 149 108
153 0 126 113
153 1 149 108
154 0 127 113
154 1 149 108
155 0 126 112
155 1 149 108
156 0 127 113
156 1 149 108
157 0 126 112
157 1 149 108
158 0 127 113
158 1 149 108
159 0 126 112
159 1 149 108
160 0 127 113
160 1 149 108
161 0 127 113
161 1 149 108
162 0 127 113
162 1 149 108
163 0 127 113
163 1 149 108
164 0 127 113
164 1 149 108
165 0 127 114
165 1 149 108
166 0 127 115
166 1 149 108
167 0 127 114
167 1 149 108
168 0 127 115
168 1 149 108
169 0 127 114
169 1 149 108
170 0 127 115
170 1 149 108
171 0 128 115
171 1 149 108
172 0 129 115
172 1 149 108
173 0 128 115
173 1 149 108
174 0 129 115
174 1 149 108
175 0 129 115
175 1 149 108
176 0 129 115
176 1 149 108
177 0 129 115
177 1 149 108
178 0 129 115
178 1 149 108
179 0 129 115
179 1 149 108
180 0 129 115
180 1 149 108
181 0 130 114
181 1 149 108
182 0 131 114
182 1 149 108
183 0 132 112
183 1 149 108
184 0 133 111
184 1 149 108
185 0 133 109
185 1 149 108
186 0 133 109
186 1 149 108
187 0 134 108
187 1 149 108
188 0 135 108
188 1 149 108
189 0 135 108
189 1 149 108
190 0 135 108
190 1 149 108
191 0 135 108
191 1 149 108
192 0 135 108
192 1 149 108
193 0 135 108
193 1 149 108
194 0 135 108
194 1 150 108
195 0 135 108
195 1 151 108
196 0 135 108
196 1 151 107
197 0 135 108
197 1 152 105
198 0 135 108
198 1 153 105
199 0 136 108
199 1 152 105
200 0 137 108
200 1 154 104
201 0 137 108
201 1 155 103
202 0 138 108
202 1 155 101
203 0 140 108
203 1 156 100
204 0 140 108
204 1 157 100
205 0 141 109
205 1 157 99
206 0 141 108
206 1 157 98
207 0 142 109
207 1 157 98
208 0 144 109
208 1 157 98
209 0 145 109
209 1 157 98
210 0 145 109
210 1 157 98
211 0 146 109
211 1 158 98
212 0 147 109
212 1 159 97
213 0 147 108
213 1 159 95
214 0 148 109
214 1 160 94
215 0 150 107
215 1 162 94
216 0 150 107
216 1 162 94
217 0 150 106
217 1 163 92
218 0 151 106
218 1 163 90
219 0 151 105
219 1 163 90
220 0 152 102
220 1 163 90
221 0 153 102
221 1 163 89
222 0 152 102
222 1 163 88
223 0 153 102
223 1 163 88
224 0 153 101
224 1 164 87
225 0 153 100
225 1 165 85
226 0 154 100
226 1 165 83
227 0 155 100
227 1 166 82
228 0 155 99
228 1 167 81
229 0 155 98
229 1 166 80
230 0 156 98
230 1 167 80
231 0 158 97
231 1 166 79
232 0 159 95
232 1 167 78
233 0 159 95
233 1 166 79
234 0 160 95
234 1 167 78
235 0 161 95
235 1 166 78
236 0 162 93
236 1 167 78
237 0 164 92
237 1 167 78
238 0 164 93
238 1 167 78
239 0 165 92
239 1 167 78
240 0 165 91
240 1 167 78
241 0 165 91
241 1 167 78
242 0 166 90
242 1 168 78
243 0 166 90
243 1 169 77
244 0 166 90
244 1 169 76
245 0 166 90
245 1 170 75
246 0 166 90
246 1 172 73
247 0 166 90
247 1 172 73
248 0 166 89
248 1 173 72
249 0 167 88
249 1 174 71
250 0 166 88
250 1 176 69
251 0 167 87
251 1 177 68
252 0 167 85
252 1 177 68
253 0 167 85
253 1 177 68
254 0 167 83
254 1 178 68
255 0 167 82
255 1 179 68
256 0 168 82
256 1 178 67
257 0 169 80
257 1 179 66
258 0 169 79
258 1 178 66
259 0 169 78
259 1 179 66
260 0 169 78
260 1 178 66
261 0 169 78
261 1 179 65
262 0 169 78
262 1 178 64
263 0 170 77
263 1 179 64
264 0 171 76
264 1 179 63
265 0 170 77
265 1 179 62
266 0 172 76
266 1 179 62
267 0 173 77
267 1 179 61
268 0 173 75
268 1 179 59
269 0 174 74
269 1 179 58
270 0 176 74
270 1 179 58
271 0 176 74
271 1 179 58
272 0 177 74
272 1 179 57
273 0 177 73
273 1 178 55
274 0 177 72
274 1 179 55
275 0 177 73
275 1 178 55
276 0 177 72
276 1 179 55
277 0 177 72
277 1 178 55
278 0 178 71
278 1 178 55
279 0 180 69
279 1 178 54
280 0 180 69
280 1 177 54
281 0 180 68
281 1 176 54
282 0 180 68
282 1 176 53
283 0 180 68
283 1 176 52
284 0 180 68
284 1 175 52
285 0 180 68
285 1 174 51
286 0 179 67
286 1 174 52
287 0 178 66
287 1 174 52
288 0 178 65
288 1 173 52
289 0 178 64
289 1 172 52
290 0 178 64
290 1 172 52
291 0 178 63
291 1 171 51
292 0 178 61
292 1 169 49
293 0 178 60
293 1 168 48
294 0 177 60
294 1 169 49
295 0 176 60
295 1 168 48
296 0 177 60
296 1 169 49
297 0 176 59
297 1 168 48
298 0 177 58
298 1 169 49
299 0 177 59
299 1 168 48
300 0 176 58
300 1 169 49
301 0 177 59
301 1 168 48
302 0 176 58
302 1 169 49
303 0 177 59
303 1 169 49
304 0 177 58
304 1 169 49
305 0 177 58
305 1 169 48
306 0 177 58
306 1 168 48
307 0 177 58
307 1 169 48
308 0 178 58
308 1 168 48
309 0 179 58
309 1 169 48
310 0 178 58
310 1 168 48
311 0 179 58
311 1 169 48
312 0 178 58
312 1 168 48
313 0 178 58
313 1 169 48
314 0 178 58
314 1 168 48
315 0 178 59
315 1 169 48
316 0 178 58
316 1 168 48
317 0 178 58
317 1 169 48
318 0 179 58
318 1 168 48
319 0 178 58
319 1 169 48
320 0 179 58
320 1 168 48
321 0 178 58
321 1 169 49
322 0 179 57
322 1 168 48
323 0 179 56
323 1 169 50
324 0 178 56
324 1 168 50
325 0 179 56
325 1 169 50
326 0 179 56
326 1 168 50
327 0 179 56
327 1 169 51
328 0 179 56
328 1 168 50
329 0 179 56
329 1 168 51
330 0 179 56
330 1 168 51
331 0 179 56
331 1 168 51
332 0 179 56
332 1 168 51
333 0 178 55
333 1 168 51
334 0 179 54
334 1 168 51
335 0 178 55
335 1 168 51
336 0 178 54
336 1 168 51
337 0 178 55
337 1 168 51
338 0 178 54
338 1 168 51
339 0 178 55
339 1 169 51
340 0 177 54
340 1 169 52
341 0 176 55
341 1 169 53
342 0 177 55
342 1 169 53
343 0 176 55
343 1 169 53
344 0 176 55
344 1 169 53
345 0 176 55
345 1 168 53
346 0 175 55
346 1 169 53
347 0 174 55
347 1 168 54
348 0 173 55
348 1 168 54
349 0 173 55
349 1 168 54
350 0 172 55
350 1 168 54
351 0 172 54
351 1 168 53
352 0 171 54
352 1 168 52
353 0 169 53
353 1 168 53
354 0 168 51
354 1 169 53
355 0 169 51
355 1 168 53
356 0 168 49
356 1 169 51
357 0 168 48
357 1 168 50
358 0 168 48
358 1 168 50
359 0 168 48
359 1 169 50
360 0 169 47
360 1 191 47
361 0 169 47
361 1 191 47
362 0 170 46
362 1 191 47
363 0 171 46
363 1 191 47
364 0 170 46
364 1 191 47
365 0 171 46
365 1 191 47
366 0 171 46
366 1 191 47
367 0 171 46
367 1 191 46
368 0 172 46
368 1 192 46
369 0 173 46
369 1 193 46
370 0 172 46
370 1 193 45
371 0 173 46
371 1 193 44
372 0 172 46
372 1 193 45
373 0 173 46
373 1 193 44
374 0 173 46
374 1 193 45
375 0 173 46
375 1 193 44
376 0 174 46
376 1 193 45
377 0 175 45
377 1 193 45
378 0 174 44
378 1 193 45
379 0 175 45
379 1 193 45
380 0 174 44
380 1 193 45
381 0 175 45
381 1 194 45
382 0 174 44
382 1 194 45
383 0 175 44
383 1 194 46
384 0 174 44
384 1 194 47
385 0 175 44
385 1 194 46
386 0 174 44
386 1 194 47
387 0 174 44
387 1 194 47
388 0 174 44
388 1 194 47
389 0 174 44
389 1 194 47
390 0 174 44
390 1 194 47
391 0 174 44
391 1 194 47
392 0 174 44
392 1 194 47
393 0 173 43
393 1 194 48
394 0 172 42
394 1 194 49
395 0 172 42
395 1 194 48
396 0 172 42
396 1 194 49
397 0 172 42
397 1 194 48
398 0 171 42
398 1 194 49
399 0 170 42
399 1 194 48
400 0 171 42
400 1 194 49
401 0 170 42
401 1 194 48
402 0 170 42
402 1 194 48
403 0 170 42
403 1 194 48
404 0 170 41
404 1 194 48
405 0 169 40
405 1 194 48
406 0 169 40
406 1 194 48
407 0 169 40
407 1 194 48
408 0 169 40
408 1 194 48
409 0 169 40
409 1 194 48
410 0 169 39
410 1 194 48
411 0 169 38
411 1 194 48
412 0 169 39
412 1 194 48
413 0 170 38
413 1 194 48
414 0 171 39
414 1 194 48
415 0 171 38
415 1 194 48
416 0 171 39
416 1 194 48
417 0 171 38
417 1 194 49
418 0 171 39
418 1 194 48
419 0 171 38
419 1 194 49
420 0 171 39
420 1 194 48
421 0 171 38
421 1 194 49
422 0 171 39
422 1 194 48
423 0 172 40
423 1 194 49
424 0 173 41
424 1 194 49
425 0 173 41
425 1 194 49
426 0 173 41
426 1 193 49
427 0 173 41
427 1 192 49
428 0 174 42
428 1 193 49
429 0 175 43
429 1 192 50
430 0 175 43
430 1 193 51
431 0 175 43
431 1 192 50
432 0 176 43
432 1 192 51
433 0 176 43
433 1 192 50
434 0 177 43
434 1 192 52
435 0 176 43
435 1 191 53
436 0 177 43
436 1 191 53
437 0 177 43
437 1 190 54
438 0 178 43
438 1 191 56
439 0 179 43
439 1 190 56
440 0 178 44
440 1 191 57
441 0 179 45
441 1 190 58
442 0 179 45
442 1 192 60
443 0 180 46
443 1 193 62
444 0 181 47
444 1 193 63
445 0 181 47
445 1 193 63
446 0 182 48
446 1 194 64
447 0 183 49
447 1 196 66
448 0 183 49
448 1 197 67
449 0 184 50
449 1 197 67
450 0 186 51
450 1 197 67
451 0 186 51
451 1 197 67
452 0 186 52
452 1 198 68
453 0 186 53
453 1 199 69
454 0 186 54
454 1 198 69
455 0 186 56
455 1 199 68
456 0 186 57
456 1 198 69
457 0 186 56
457 1 199 68
458 0 186 58
458 1 198 69
459 0 186 60
459 1 199 68
460 0 186 61
460 1 199 69
461 0 186 61
461 1 199 68
462 0 186 61
462 1 199 69
463 0 186 61
463 1 199 68
464 0 186 61
464 1 199 69
465 0 186 62
465 1 199 68
466 0 186 63
466 1 199 69
467 0 186 63
467 1 199 68
468 0 186 64
468 1 199 69
469 0 186 65
469 1 199 68
470 0 186 64
470 1 200 69
471 0 186 65
471 1 201 69
472 0 186 64
472 1 202 70
473 0 186 65
473 1 205 71
474 0 185 65
474 1 206 71
475 0 185 64
475 1 207 71
476 0 185 65
476 1 207 71
477 0 185 65
477 1 208 71
478 0 185 65
478 1 209 72
479 0 185 65
479 1 209 73
480 0 185 65
480 1 209 72
481 0 185 65
481 1 209 73
482 0 184 66
482 1 209 72
483 0 185 67
483 1 209 73
484 0 184 66
484 1 209 72
485 0 184 67
485 1 209 73
486 0 184 66
486 1 209 72
487 0 184 66
487 1 209 73
488 0 185 66
488 1 209 72
489 0 184 66
489 1 209 73
490 0 185 66
490 1 209 72
491 0 184 66
491 1 209 73
492 0 184 66
492 1 209 72
493 0 184 66
493 1 209 73
494 0 185 66
494 1 209 72
495 0 184 65
495 1 209 73
496 0 184 64
496 1 209 72
497 0 184 64
497 1 209 73
498 0 184 64
498 1 209 72
499 0 184 64
499 1 209 73
500 0 184 64
500 1 209 72
501 0 183 65
501 1 209 73
502 0 182 65
502 1 209 72
503 0 182 65
503 1 209 73
504 0 182 65
504 1 209 72
505 0 182 65
505 1 209 73
506 0 183 65
506 1 209 73
507 0 183 65
507 1 209 73
508 0 183 65
508 1 209 73
509 0 184 65
509 1 209 73
510 0 185 64
510 1 209 73
511 0 184 65
511 1 209 73
512 0 185 64
512 1 209 73
513 0 185 64
513 1 209 73
514 0 186 64
514 1 209 73
515 0 187 62
515 1 208 73
516 0 187 61
516 1 209 73
517 0 187 60
517 1 208 73
518 0 188 60
518 1 209 73
519 0 190 58
519 1 208 73
520 0 191 57
520 1 209 73
521 0 190 56
521 1 208 73
522 0 191 57
522 1 209 74
523 0 190 56
523 1 208 75
524 0 191 57
524 1 209 74
525 0 190 56
525 1 208 75
526 0 191 56
526 1 209 74
527 0 190 56
527 1 208 75
528 0 191 56
528 1 208 74
529 0 190 56
529 1 208 75
530 0 191 56
530 1 208 74
531 0 190 56
531 1 208 75
532 0 191 56
532 1 208 74
533 0 190 55
533 1 208 75
534 0 191 55
534 1 208 74
535 0 190 55
535 1 208 75
536 0 190 54
536 1 209 74
537 0 191 55
537 1 208 75
538 0 190 54
538 1 209 75
539 0 191 55
539 1 208 75
540 0 190 54
540 1 209 75
541 0 191 55
541 1 208 75
542 0 190 54
542 1 209 75
543 0 189 54
543 1 208 75
544 0 188 54
544 1 209 75
545 0 188 54
545 1 208 75
546 0 187 54
546 1 209 75
547 0 186 54
547 1 208 75
548 0 186 54
548 1 209 75
549 0 185 54
549 1 208 75
550 0 183 53
550 1 209 75
551 0 181 51
551 1 208 75
552 0 180 51
552 1 209 75
553 0 180 51
553 1 208 75
554 0 179 51
554 1 209 75
555 0 178 51
555 1 208 75
556 0 178 49
556 1 209 75
557 0 176 47
557 1 208 75
558 0 175 46
558 1 208 75
559 0 175 47
559 1 208 75
560 0 174 45
560 1 208 75
561 0 175 44
561 1 208 75
562 0 174 44
562 1 208 75
563 0 174 43
563 1 207 75
564 0 174 42
564 1 206 75
565 0 174 43
565 1 206 75
566 0 174 42
566 1 206 76
567 0 174 42
567 1 205 77
568 0 174 42
568 1 204 76
569 0 174 43
569 1 204 77
570 0 174 42
570 1 204 77
571 0 174 43
571 1 204 77
572 0 174 42
572 1 204 77
573 0 175 42
573 1 205 77
574 0 174 42
574 1 204 77
575 0 175 41
575 1 205 77
576 0 175 40
576 1 204 77
577 0 175 41
577 1 205 77
578 0 176 40
578 1 204 77
579 0 178 41
579 1 205 77
580 0 179 40
580 1 205 77
581 0 179 41
581 1 205 77
582 0 179 41
582 1 205 77
583 0 179 41
583 1 205 77
584 0 179 41
584 1 205 77
585 0 180 42
585 1 205 77
586 0 181 43
586 1 205 77
587 0 181 43
587 1 205 77
588 0 181 44
588 1 205 77
589 0 181 44
589 1 205 77
590 0 181 45
590 1 205 77
591 0 180 45
591 1 205 77
592 0 181 46
592 1 204 77
593 0 180 47
593 1 205 77
594 0 180 47
594 1 204 77
595 0 180 47
595 1 205 77
596 0 179 47
596 1 204 77
597 0 177 48
597 1 205 77
598 0 176 50
598 1 204 77
599 0 176 51
599 1 204 77
600 0 175 50
600 1 204 77
601 0 174 51
601 1 204 77
602 0 174 51
602 1 204 77
603 0 173 51
603 1 203 77
604 0 172 51
604 1 201 77
605 0 173 51
605 1 201 77
606 0 172 51
606 1 200 78
607 0 172 51
607 1 201 79
608 0 172 52
608 1 200 78
609 0 171 54
609 1 201 79
610 0 170 55
610 1 200 79
611 0 170 55
611 1 201 79
612 0 170 56
612 1 200 79
613 0 170 57
613 1 201 79
614 0 170 56
614 1 200 79
615 0 171 58
615 1 201 79
616 0 170 59
616 1 200 79
617 0 171 59
617 1 201 79
618 0 172 60
618 1 201 79
619 0 173 61
619 1 201 79
620 0 173 61
620 1 201 79
621 0 173 61
621 1 201 79
622 0 174 61
622 1 201 79
623 0 176 61
623 1 201 79
624 0 177 60
624 1 201 79
625 0 177 61
625 1 201 79
626 0 177 60
626 1 201 79
627 0 178 60
627 1 201 79
628 0 179 60
628 1 201 79
629 0 179 59
629 1 201 79
630 0 179 57
630 1 201 79
631 0 180 55
631 1 201 79
632 0 180 55
632 1 201 79
633 0 180 54
633 1 201 78
634 0 181 54
634 1 201 79
635 0 180 53
635 1 202 78
636 0 180 51
636 1 203 79
637 0 180 50
637 1 202 77
638 0 180 51
638 1 203 77
639 0 180 49
639 1 203 77
640 0 179 47
640 1 203 76
641 0 178 46
641 1 203 76
642 0 179 46
642 1 204 76
643 0 178 46
643 1 205 76
644 0 178 45
644 1 205 76
645 0 178 43
645 1 205 75
646 0 177 42
646 1 205 74
647 0 175 42
647 1 205 74
648 0 174 42
648 1 206 73
649 0 174 41
649 1 207 72
650 0 174 40
650 1 207 73
651 0 174 41
651 1 207 71
652 0 174 40
652 1 207 70
653 0 173 41
653 1 208 70
654 0 171 41
654 1 209 70
655 0 170 41
655 1 208 70
656 0 171 41
656 1 209 70
657 0 169 42
657 1 208 70
658 0 169 43
658 1 209 70
659 0 168 44
659 1 208 70
660 0 168 45
660 1 209 70
661 0 168 46
661 1 208 70
662 0 168 47
662 1 209 70
663 0 168 46
663 1 208 70
664 0 168 48
664 1 209 70
665 0 168 50
665 1 208 70
666 0 168 51
666 1 209 70
667 0 168 51
667 1 208 70
668 0 168 51
668 1 208 70
669 0 169 51
669 1 208 70
670 0 168 52
670 1 208 70
671 0 170 54
671 1 208 70
672 0 171 54
672 1 208 69
673 0 171 54
673 1 207 68
674 0 171 54
674 1 206 69
675 0 171 54
675 1 206 68
676 0 172 54
676 1 206 68
677 0 173 54
677 1 206 68
678 0 174 54
678 1 205 68
679 0 175 54
679 1 204 67
680 0 174 54
680 1 204 67
681 0 176 53
681 1 203 67
682 0 177 51
682 1 202 66
683 0 177 51
683 1 202 65
684 0 178 50
684 1 201 67
685 0 179 50
685 1 200 67
686 0 179 50
686 1 200 67
687 0 179 50
687 1 200 67
688 0 179 50
688 1 200 67
689 0 180 50
689 1 200 67
690 0 181 48
690 1 200 67
691 0 180 47
691 1 200 67
692 0 181 46
692 1 200 67
693 0 180 45
693 1 200 67
694 0 181 43
694 1 200 67
695 0 180 41
695 1 200 67
696 0 181 40
696 1 200 67
697 0 180 39
697 1 200 67
698 0 181 38
698 1 200 67
699 0 181 37
699 1 200 67
700 0 180 34
700 1 200 67
701 0 181 34
701 1 200 67
702 0 181 33
702 1 200 67
703 0 182 32
703 1 200 67
704 0 183 32
704 1 200 67
705 0 183 32
705 1 200 67
706 0 183 32
706 1 200 67
707 0 184 31
707 1 200 67
708 0 186 29
708 1 200 67
709 0 188 29
709 1 200 67
710 0 188 29
710 1 200 67
711 0 188 29
711 1 200 67
712 0 189 28
712 1 200 67
713 0 188 29
713 1 200 67
714 0 190 28
714 1 200 67
715 0 190 28
715 1 200 67
716 0 190 28
716 1 200 67
717 0 190 28
717 1 200 67
718 0 190 28
718 1 199 67
719 0 190 28
719 1 198 67
720 0 191 27
720 1 199 67
721 0 190 26
721 1 198 67
722 0 190 26
722 1 198 67
723 0 191 26
723 1 198 67
724 0 190 25
724 1 198 67
725 0 191 23
725 1 198 67
726 0 190 23
726 1 198 67
727 0 191 22
727 1 198 67
728 0 191 22
728 1 198 67
729 0 191 22
729 1 198 67
730 0 191 21
730 1 198 67
731 0 192 19
731 1 198 67
732 0 194 17
732 1 198 67
733 0 194 17
733 1 198 67
734 0 194 17
734 1 198 67
735 0 195 15
735 1 198 67
736 0 195 15
736 1 198 67
737 0 196 15
737 1 198 67
738 0 198 13
738 1 198 67
739 0 199 13
739 1 198 67
740 0 199 13
740 1 198 67
741 0 199 13
741 1 198 67
742 0 200 13
742 1 198 67
743 0 202 13
743 1 198 67
744 0 204 12
744 1 198 67
745 0 205 13
745 1 198 67
746 0 204 13
746 1 198 67
747 0 205 13
747 1 198 67
748 0 205 13
748 1 198 67
749 0 207 14
749 1 198 67
750 0 208 16
750 1 198 67
751 0 209 16
751 1 198 67
752 0 208 16
752 1 198 67
753 0 210 17
753 1 198 67
754 0 211 17
754 1 198 67
755 0 212 18
755 1 198 67
756 0 214 20
756 1 198 67
757 0 214 20
757 1 198 67
758 0 214 20
758 1 198 67
759 0 215 20
759 1 198 67
760 0 214 21
760 1 198 67
761 0 215 20
761 1 198 67
762 0 214 21
762 1 197 67
763 0 215 21
763 1 196 67
764 0 214 21
764 1 197 67
765 0 215 21
765 1 196 67
766 0 214 23
766 1 197 67
767 0 215 25
767 1 196 67
768 0 214 26
768 1 197 67
769 0 214 28
769 1 196 67
770 0 214 28
770 1 197 67
771 0 213 30
771 1 196 67
772 0 211 32
772 1 197 67
773 0 210 34
773 1 196 67
774 0 210 34
774 1 197 67
775 0 209 36
775 1 196 67
776 0 208 36
776 1 197 67
777 0 208 38
777 1 196 67
778 0 207 39
778 1 196 67
779 0 205 39
779 1 196 67
780 0 204 41
780 1 196 67
781 0 204 42
781 1 196 67
782 0 204 43
782 1 196 67
783 0 204 43
783 1 196 67
784 0 204 45
784 1 196 67
785 0 203 46
785 1 196 67
786 0 202 48
786 1 196 67
787 0 203 50
787 1 196 67
788 0 203 50
788 1 196 67
789 0 203 51
789 1 196 67
790 0 204 52
790 1 196 67
791 0 205 53
791 1 196 67
792 0 205 54
792 1 196 67
793 0 205 55
793 1 196 67
794 0 205 54
794 1 196 67
795 0 205 55
795 1 196 67
796 0 205 56
796 1 196 67
797 0 204 57
797 1 196 67
798 0 204 57
798 1 196 67
799 0 204 57
799 1 196 67
800 0 204 57
800 1 196 67
801 0 204 57
801 1 196 67
802 0 204 58
802 1 196 67
803 0 204 59
803 1 196 67
804 0 203 59
804 1 195 67
805 0 202 59
805 1 194 67
806 0 203 59
806 1 194 67
807 0 202 59
807 1 194 67
808 0 202 60
808 1 193 67
809 0 202 60
809 1 192 67
810 0 201 61
810 1 189 66
811 0 200 61
811 1 187 66
812 0 200 61
812 1 186 66
813 0 200 61
813 1 186 66
814 0 200 61
814 1 184 65
815 0 199 61
815 1 183 64
816 0 198 61
816 1 182 65
817 0 198 62
817 1 181 63
818 0 198 63
818 1 180 63
819 0 198 62
819 1 181 63
820 0 197 63
820 1 180 63
821 0 195 63
821 1 181 63
822 0 195 63
822 1 180 63
823 0 193 63
823 1 180 62
824 0 192 63
824 1 179 63
825 0 193 63
825 1 179 62
826 0 191 63
826 1 178 63
827 0 190 63
827 1 178 62
828 0 190 62
828 1 178 63
829 0 190 63
829 1 178 62
830 0 190 62
830 1 178 63
831 0 190 63
831 1 178 62
832 0 190 62
832 1 178 63
833 0 190 63
833 1 177 62
834 0 189 62
834 1 175 62
835 0 186 63
835 1 174 62
836 0 186 62
836 1 172 62
837 0 186 63
837 1 172 62
838 0 185 62
838 1 171 62
839 0 183 63
839 1 168 62
840 0 182 63
840 1 167 61
841 0 181 63
841 1 165 60
842 0 178 63
842 1 162 60
843 0 179 63
843 1 163 60
844 0 177 63
844 1 161 60
845 0 176 64
845 1 161 60
846 0 176 64
846 1 160 60
847 0 176 64
847 1 161 60
848 0 175 64
848 1 160 60
849 0 174 64
849 1 160 60
850 0 174 64
850 1 160 60
851 0 173 64
851 1 160 60
852 0 172 64
852 1 160 60
853 0 172 63
853 1 160 60
854 0 172 62
854 1 159 60
855 0 172 63
855 1 159 60
856 0 172 62
856 1 158 59
857 0 172 63
857 1 158 58
858 0 171 62
858 1 156 58
859 0 169 62
859 1 155 58
860 0 168 61
860 1 152 57
861 0 169 60
861 1 152 56
862 0 167 60
862 1 150 56
863 0 167 60
863 1 149 56
864 0 166 60
864 1 148 56
865 0 165 59
865 1 148 55
866 0 164 58
866 1 147 54
867 0 165 59
867 1 146 55
868 0 164 58
868 1 147 54
869 0 164 59
869 1 146 55
870 0 163 58
870 1 147 54
871 0 160 59
871 1 146 55
872 0 160 58
872 1 147 54
873 0 160 59
873 1 146 55
874 0 158 58
874 1 147 54
875 0 157 59
875 1 146 55
876 0 155 58
876 1 147 54
877 0 154 59
877 1 146 55
878 0 154 58
878 1 147 54
879 0 154 59
879 1 147 54
880 0 154 58
880 1 147 54
881 0 153 59
881 1 147 54
882 0 153 58
882 1 147 54
883 0 152 59
883 1 147 54
884 0 153 58
884 1 147 54
885 0 152 59
885 1 147 54
886 0 153 58
886 1 147 54
887 0 152 59
887 1 147 54
888 0 153 58
888 1 147 54
889 0 151 59
889 1 147 54
890 0 151 58
890 1 147 53
891 0 151 58
891 1 147 52
892 0 150 58
892 1 147 52
893 0 151 57
893 1 147 52
894 0 149 55
894 1 146 51
895 0 149 55
895 1 146 49
896 0 149 54
896 1 146 49
897 0 148 54
897 1 146 49
898 0 149 54
898 1 145 48
899 0 148 53
899 1 143 47
900 0 148 52
900 1 143 47
901 0 147 52
901 1 142 46
902 0 146 51
902 1 142 46
903 0 146 50
903 1 142 46
904 0 146 50
904 1 142 46
905 0 146 50
905 1 142 46
906 0 145 50
906 1 141 45
907 0 144 50
907 1 140 44
908 0 145 49
908 1 141 44
909 0 144 49
909 1 140 44
910 0 144 48
910 1 141 44
911 0 144 49
911 1 140 44
912 0 144 48
912 1 141 44
913 0 144 48
913 1 141 44
914 0 144 48
914 1 140 43
915 0 144 48
915 1 141 42
916 0 144 48
916 1 140 42
917 0 143 47
917 1 141 42
918 0 142 45
918 1 140 41
919 0 142 44
919 1 140 39
920 0 142 43
920 1 140 38
921 0 142 42
921 1 140 38
922 0 142 42
922 1 140 38
923 0 142 41
923 1 140 37
924 0 142 40
924 1 140 36
925 0 142 40
925 1 140 36
926 0 142 40
926 1 141 35
927 0 142 40
927 1 140 35
928 0 142 38
928 1 141 36
929 0 142 38
929 1 141 36
930 0 142 37
930 1 141 36
931 0 143 36
931 1 142 36
932 0 143 35
932 1 143 35
933 0 143 35
933 1 142 34
934 0 143 34
934 1 143 34
935 0 144 34
935 1 143 33
936 0 145 33
936 1 143 32
937 0 144 32
937 1 144 32
938 0 145 32
938 1 145 31
939 0 145 31
939 1 144 30
940 0 145 30
940 1 145 30
941 0 145 29
941 1 145 29
942 0 146 28
942 1 145 28
943 0 146 28
943 1 145 28
944 0 146 27
944 1 145 27
945 0 146 27
945 1 145 27
946 0 146 26
946 1 145 26
947 0 146 26
947 1 145 26
948 0 146 26
948 1 145 26
949 0 146 26
949 1 145 26
950 0 146 26
950 1 145 26
951 0 146 26
951 1 145 26
952 0 146 26
952 1 145 26
953 0 146 26
953 1 145 26
954 0 145 25
954 1 144 25
955 0 144 24
955 1 144 24
956 0 144 24
956 1 144 24
957 0 144 24
957 1 144 24
958 0 144 24
958 1 143 23
959 0 143 23
959 1 142 22
960 0 142 22
960 1 142 22
961 0 141 21
961 1 140 21
962 0 139 19
962 1 140 19
963 0 139 19
963 1 140 19
964 0 138 18
964 1 139 18
965 0 138 18
965 1 137 18
966 0 138 18
966 1 136 17
967 0 138 17
967 1 137 16
968 0 138 16
968 1 136 17
969 0 138 17
969 1 137 16
970 0 138 16
970 1 136 16
971 0 138 17
971 1 137 16
972 0 138 16
972 1 136 16
973 0 138 16
973 1 137 15
974 0 138 15
974 1 136 14
975 0 138 14
975 1 137 14
976 0 138 14
976 1 136 14
977 0 138 14
977 1 137 14
978 0 138 14
978 1 137 13
979 0 138 14
979 1 137 12
980 0 138 14
980 1 137 13
981 0 138 14
981 1 137 12
982 0 138 14
982 1 137 13
983 0 138 13
983 1 137 12
984 0 138 12
984 1 137 12
985 0 138 12
985 1 137 12
986 0 138 12
986 1 137 12
987 0 138 12
987 1 137 12
988 0 138 12
988 1 137 12
989 0 138 12
989 1 137 12
990 0 138 12
990 1 137 12
991 0 138 12
991 1 137 12
992 0 138 12
992 1 137 12
993 0 138 12
993 1 137 12
994 0 138 12
994 1 137 12
995 0 138 12
995 1 137 12
996 0 138 12
996 1 137 12
997 0 138 12
997 1 137 12
998 0 138 12
998 1 137 12
999 0 138 12
999 1 137 12
1000 0 138 12
1000 1 137 12
1001 0 138 12
1001 1 137 12
1002 0 138 12
1002 1 137 12
1003 0 138 12
1003 1 137 12
1004 0 138 12
1004 1 137 12
1005 0 138 12
1005 1 137 12
1006 0 138 12
1006 1 137 12
1007 0 138 12
1007 1 137 12
1008 0 138 12
1008 1 137 12
1009 0 138 12
1009 1 137 12
1010 0 138 12
1010 1 137 12
1011 0 138 12
1011 1 137 12
1012 0 138 12
1012 1 137 12
1013 0 138 12
1013 1 137 12
1014 0 138 12
1014 1 137 12
1015 0 137 11
1015 1 136 11
1016 0 136 10
1016 1 137 10
1017 0 137 10
1017 1 136 10
1018 0 136 10
1018 1 137 10
1019 0 137 10
1019 1 136 10
1020 0 136 9
1020 1 136 9
1021 0 136 8
1021 1 136 8
1022 0 135 8
1022 1 135 8
1023 0 134 7
1023 1 134 7
1024 0 134 6
1024 1 134 6
1025 0 134 7
1025 1 134 7
1026 0 134 5
1026 1 134 5
1027 0 134 5
1027 1 134 5
1028 0 134 5
1028 1 134 5
1029 0 134 5
1029 1 133 5
1030 0 134 5
1030 1 133 5
1031 0 133 5
1031 1 132 5
1032 0 131 5
1032 1 132 5
1033 0 131 4
1033 1 132 4
1034 0 131 4
1034 1 132 4
1035 0 131 4
1035 1 132 4
1036 0 131 4
1036 1 132 4
1037 0 131 4
1037 1 132 4
1038 0 130 4
1038 1 131 4
1039 0 131 4
1039 1 130 4
1040 0 129 4
1040 1 130 4
1041 0 129 5
1041 1 130 5
1042 0 129 4
1042 1 130 4
1043 0 128 5
1043 1 129 5
1044 0 127 5
1044 1 127 5
1045 0 126 5
1045 1 126 5
1046 0 126 5
1046 1 126 5
1047 0 125 6
1047 1 125 6
1048 0 124 7
1048 1 124 7
1049 0 124 7
1049 1 124 7
1050 0 123 7
1050 1 123 7
1051 0 122 8
1051 1 122 8
1052 0 121 9
1052 1 121 9
1053 0 119 9
1053 1 119 9
1054 0 119 9
1054 1 119 9
1055 0 118 9
1055 1 118 9
1056 0 119 9
1056 1 119 9
1057 0 117 9
1057 1 117 9
1058 0 117 9
1058 1 117 9
1059 0 116 9
1059 1 116 9
1060 0 117 9
1060 1 117 9
1061 0 115 9
1061 1 115 9
1062 0 114 9
1062 1 114 9
1063 0 114 9
1063 1 114 9
1064 0 113 9
1064 1 113 9
