FRAME   ID  X   Y
1 0 98 98
1 1 96 81
2 0 98 98
2 1 95 82
3 0 98 98
3 1 95 81
4 0 98 98
4 1 94 82
5 0 98 98
5 1 93 81
6 0 98 98
6 1 93 82
7 0 98 98
7 1 92 82
8 0 98 98
8 1 90 82
9 0 98 98
9 1 89 82
10 0 98 98
10 1 90 82
11 0 98 98
11 1 89 82
12 0 98 98
12 1 90 82
13 0 98 98
13 1 89 82
14 0 98 98
14 1 91 82
15 0 98 98
15 1 91 82
16 0 98 98
16 1 91 82
17 0 98 98
17 1 91 82
18 0 98 98
18 1 91 82
19 0 98 98
19 1 91 82
20 0 98 98
20 1 91 82
21 0 98 98
21 1 91 82
22 0 98 98
22 1 91 82
23 0 98 98
23 1 91 82
24 0 98 98
24 1 91 82
25 0 98 98
25 1 91 82
26 0 98 98
26 1 92 82
27 0 98 98
27 1 91 82
28 0 98 98
28 1 91 82
29 0 98 98
29 1 91 83
30 0 98 98
30 1 91 84
31 0 98 98
31 1 91 84
32 0 98 98
32 1 91 84
33 0 98 98
33 1 91 84
34 0 98 98
34 1 92 84
35 0 98 98
35 1 92 84
36 0 98 98
36 1 92 84
37 0 98 98
37 1 92 83
38 0 98 98
38 1 92 84
39 0 98 98
39 1 92 84
40 0 98 98
40 1 93 84
41 0 98 99
41 1 93 84
42 0 98 100
42 1 93 84
43 0 98 100
43 1 94 84
44 0 98 101
44 1 93 84
45 0 98 104
45 1 94 84
46 0 98 105
46 1 94 85
47 0 98 107
47 1 94 86
48 0 98 107
48 1 94 85
49 0 98 108
49 1 94 86
50 0 98 108
50 1 94 85
51 0 98 108
51 1 95 86
52 0 98 108
52 1 97 87
53 0 98 108
53 1 98 89
54 0 98 108
54 1 97 89
55 0 98 108
55 1 99 90
56 0 99 109
56 1 99 90
57 0 100 110
57 1 99 90
58 0 100 110
58 1 100 91
59 0 100 110
59 1 99 93
60 0 100 110
60 1 100 93
61 0 101 110
61 1 100 94
62 0 102 110
62 1 100 93
63 0 102 110
63 1 100 94
64 0 103 110
64 1 100 94
65 0 104 110
65 1 100 95
66 0 104 110
66 1 100 95
67 0 105 110
67 1 99 96
68 0 106 110
68 1 100 96
69 0 106 110
69 1 99 97
70 0 107 110
70 1 99 98
71 0 108 110
71 1 99 98
72 0 108 110
72 1 99 98
73 0 109 110
73 1 98 99
74 0 110 110
74 1 97 100
75 0 111 110
75 1 98 101
76 0 113 111
76 1 97 102
77 0 114 112
77 1 98 102
78 0 114 111
78 1 97 102
79 0 114 112
79 1 98 102
80 0 115 111
80 1 97 103
81 0 116 112
81 1 98 105
82 0 115 111
82 1 98 106
83 0 116 112
83 1 98 105
84 0 116 111
84 1 98 106
85 0 115 112
85 1 98 105
86 0 116 111
86 1 98 106
87 0 116 112
87 1 98 105
88 0 116 111
88 1 98 105
89 0 116 112
89 1 98 105
90 0 116 111
90 1 98 105
91 0 116 112
91 1 98 105
92 0 116 111
92 1 98 105
93 0 116 112
93 1 99 106
94 0 116 111
94 1 100 105
95 0 116 112
95 1 99 106
96 0 116 112
96 1 100 105
97 0 117 112
97 1 99 106
98 0 119 112
98 1 100 106
99 0 120 112
99 1 101 106
100 0 121 112
100 1 103 106
101 0 122 112
101 1 104 107
102 0 121 112
102 1 103 107
103 0 122 112
103 1 105 108
104 0 122 112
104 1 106 108
105 0 123 112
105 1 107 108
106 0 125 112
106 1 109 109
107 0 126 112
107 1 109 109
108 0 125 112
108 1 109 109
109 0 126 112
109 1 109 110
110 0 125 112
110 1 110 109
111 0 126 112
111 1 109 110
112 0 126 112
112 1 110 110
113 0 127 112
113 1 109 110
114 0 128 112
114 1 110 110
115 0 128 113
115 1 110 110
116 0 128 114
116 1 110 110
117 0 130 114
117 1 110 110
118 0 131 115
118 1 111 110
119 0 133 116
119 1 113 110
120 0 133 116
120 1 113 110
121 0 134 116
121 1 114 110
122 0 135 117
122 1 115 110
123 0 136 118
123 1 118 110
124 0 135 117
124 1 119 110
125 0 136 118
125 1 121 110
126 0 136 118
126 1 122 110
127 0 136 118
127 1 122 110
128 0 137 118
128 1 122 110
129 0 139 118
129 1 122 110
130 0 140 117
130 1 122 110
131 0 141 117
131 1 123 110
132 0 141 117
132 1 123 110
133 0 142 117
133 1 124 110
134 0 144 117
134 1 125 111
135 0 146 116
135 1 127 112
136 0 147 115
136 1 129 112
137 0 149 116
137 1 130 112
138 0 149 115
138 1 129 112
139 0 150 115
139 1 130 113
140 0 150 115
140 1 132 115
141 0 151 115
141 1 132 116
142 0 153 115
142 1 133 115
143 0 154 114
143 1 134 116
144 0 153 113
144 1 133 116
145 0 154 114
145 1 134 116
146 0 154 113
146 1 133 116
147 0 154 113
147 1 134 117
148 0 154 113
148 1 134 118
149 0 154 113
149 1 134 118
150 0 154 113
150 1 134 118
151 0 154 113
151 1 134 118
152 0 154 113
152 1 134 118
153 0 154 113
153 1 133 118
154 0 154 113
154 1 134 118
155 0 154 113
155 1 133 118
156 0 154 113
156 1 134 117
157 0 154 113
157 1 133 118
158 0 154 113
158 1 134 117
159 0 154 113
159 1 133 118
160 0 154 113
160 1 134 117
161 0 154 113
161 1 133 118
162 0 154 113
162 1 134 117
163 0 154 113
163 1 133 118
164 0 154 113
164 1 134 118
165 0 154 113
165 1 133 118
166 0 154 113
166 1 134 119
167 0 154 113
167 1 133 120
168 0 154 113
168 1 134 119
169 0 154 113
169 1 133 120
170 0 154 113
170 1 134 120
171 0 154 113
171 1 134 120
172 0 154 113
172 1 135 120
173 0 154 113
173 1 135 120
174 0 154 113
174 1 135 120
175 0 154 113
175 1 135 120
176 0 154 113
176 1 135 120
177 0 154 113
177 1 135 120
178 0 154 113
178 1 136 120
179 0 154 113
179 1 136 120
180 0 154 113
180 1 136 120
181 0 154 113
181 1 136 120
182 0 154 113
182 1 137 118
183 0 154 113
183 1 139 116
184 0 154 113
184 1 140 115
185 0 154 113
185 1 140 115
186 0 154 113
186 1 140 115
187 0 154 113
187 1 140 115
188 0 154 113
188 1 141 114
189 0 154 113
189 1 142 113
190 0 154 113
190 1 141 113
191 0 154 113
191 1 142 113
192 0 154 113
192 1 141 113
193 0 154 113
193 1 142 113
194 0 155 113
194 1 141 113
195 0 156 113
195 1 142 113
196 0 156 112
196 1 142 113
197 0 157 110
197 1 142 113
198 0 158 110
198 1 142 113
199 0 157 110
199 1 142 113
200 0 159 109
200 1 143 113
201 0 160 108
201 1 144 113
202 0 160 106
202 1 144 113
203 0 161 105
203 1 145 113
204 0 162 105
204 1 146 113
205 0 162 104
205 1 146 114
206 0 162 103
206 1 147 114
207 0 162 103
207 1 149 113
208 0 162 103
208 1 151 114
209 0 162 103
209 1 152 114
210 0 162 103
210 1 151 114
211 0 163 103
211 1 153 114
212 0 164 102
212 1 153 114
213 0 164 100
213 1 154 113
214 0 165 99
214 1 154 114
215 0 167 99
215 1 155 112
216 0 167 99
216 1 156 112
217 0 168 97
217 1 156 111
218 0 168 95
218 1 156 111
219 0 168 95
219 1 157 110
220 0 168 95
220 1 159 107
221 0 168 94
221 1 159 107
222 0 168 93
222 1 159 107
223 0 168 93
223 1 159 107
224 0 169 92
224 1 159 107
225 0 170 90
225 1 160 106
226 0 170 88
226 1 160 104
227 0 171 87
227 1 160 104
228 0 172 86
228 1 161 103
229 0 171 85
229 1 162 103
230 0 172 85
230 1 162 103
231 0 171 84
231 1 163 102
232 0 172 83
232 1 165 100
233 0 171 84
233 1 166 100
234 0 172 83
234 1 166 100
235 0 171 83
235 1 166 100
236 0 172 83
236 1 168 98
237 0 172 83
237 1 169 97
238 0 172 83
238 1 170 98
239 0 172 83
239 1 170 97
240 0 172 83
240 1 171 97
241 0 172 83
241 1 172 97
242 0 173 83
242 1 172 96
243 0 174 82
243 1 172 95
244 0 174 81
244 1 172 95
245 0 175 80
245 1 172 95
246 0 177 78
246 1 172 95
247 0 177 78
247 1 172 95
248 0 178 77
248 1 172 94
249 0 179 76
249 1 172 93
250 0 181 74
250 1 172 93
251 0 182 73
251 1 173 92
252 0 182 74
252 1 174 90
253 0 182 73
253 1 173 90
254 0 183 73
254 1 174 88
255 0 184 73
255 1 174 87
256 0 183 73
256 1 174 86
257 0 184 72
257 1 175 84
258 0 183 71
258 1 176 83
259 0 184 71
259 1 175 84
260 0 183 71
260 1 176 83
261 0 184 70
261 1 176 83
262 0 183 69
262 1 176 83
263 0 184 69
263 1 176 83
264 0 184 68
264 1 177 82
265 0 184 67
265 1 178 81
266 0 184 67
266 1 178 82
267 0 184 66
267 1 179 81
268 0 184 64
268 1 180 81
269 0 183 63
269 1 180 81
270 0 184 63
270 1 181 80
271 0 184 63
271 1 182 79
272 0 183 62
272 1 183 79
273 0 184 60
273 1 184 79
274 0 183 60
274 1 184 78
275 0 183 60
275 1 184 77
276 0 183 60
276 1 184 77
277 0 183 60
277 1 184 77
278 0 183 60
278 1 184 77
279 0 182 58
279 1 185 75
280 0 181 58
280 1 185 75
281 0 181 58
281 1 185 75
282 0 180 57
282 1 186 74
283 0 179 57
283 1 185 73
284 0 179 57
284 1 185 73
285 0 178 56
285 1 185 73
286 0 176 54
286 1 185 73
287 0 175 54
287 1 185 72
288 0 174 54
288 1 184 70
289 0 174 54
289 1 183 69
290 0 173 53
290 1 184 69
291 0 173 53
291 1 183 68
292 0 172 52
292 1 184 66
293 0 170 51
293 1 183 65
294 0 169 51
294 1 183 65
295 0 170 51
295 1 183 65
296 0 169 51
296 1 183 65
297 0 170 51
297 1 183 65
298 0 169 51
298 1 183 65
299 0 170 50
299 1 183 64
300 0 170 50
300 1 183 64
301 0 170 50
301 1 183 64
302 0 170 50
302 1 183 64
303 0 170 50
303 1 183 64
304 0 170 49
304 1 183 63
305 0 170 49
305 1 184 64
306 0 170 49
306 1 183 63
307 0 170 49
307 1 184 64
308 0 170 49
308 1 184 63
309 0 170 48
309 1 184 63
310 0 170 47
310 1 184 63
311 0 170 48
311 1 184 64
312 0 170 48
312 1 183 63
313 0 170 48
313 1 184 64
314 0 170 48
314 1 183 64
315 0 170 48
315 1 184 64
316 0 170 48
316 1 184 63
317 0 170 48
317 1 184 64
318 0 170 48
318 1 184 63
319 0 170 48
319 1 184 63
320 0 170 48
320 1 184 63
321 0 170 49
321 1 184 63
322 0 170 50
322 1 184 63
323 0 171 50
323 1 184 62
324 0 172 50
324 1 184 61
325 0 171 50
325 1 184 61
326 0 172 50
326 1 185 61
327 0 172 51
327 1 186 61
328 0 173 52
328 1 185 61
329 0 174 52
329 1 186 61
330 0 174 52
330 1 185 61
331 0 174 52
331 1 186 61
332 0 174 53
332 1 185 61
333 0 175 55
333 1 185 61
334 0 176 55
334 1 185 61
335 0 175 55
335 1 185 61
336 0 175 55
336 1 184 61
337 0 175 55
337 1 184 61
338 0 175 55
338 1 183 61
339 0 175 55
339 1 184 61
340 0 176 56
340 1 183 61
341 0 176 56
341 1 183 61
342 0 176 56
342 1 183 61
343 0 176 56
343 1 183 61
344 0 176 56
344 1 182 61
345 0 175 56
345 1 181 61
346 0 175 56
346 1 181 61
347 0 175 57
347 1 181 62
348 0 175 57
348 1 180 61
349 0 175 57
349 1 179 62
350 0 175 57
350 1 179 61
351 0 174 55
351 1 178 61
352 0 173 54
352 1 176 60
353 0 173 53
353 1 175 58
354 0 173 52
354 1 175 56
