FRAME   ID  X   Y (0 is Leader, 1 is Follower)
1 0 492 401
1 1 1091 532
2 0 493 401
2 1 1090 532
3 0 494 401
3 1 1090 532
4 0 496 401
4 1 1088 532
5 0 498 401
5 1 1087 532
6 0 499 401
6 1 1085 532
7 0 500 401
7 1 1084 532
8 0 503 400
8 1 1083 532
9 0 504 401
9 1 1081 532
10 0 506 400
10 1 1080 532
11 0 507 401
11 1 1080 532
12 0 508 400
12 1 1080 532
13 0 511 401
13 1 1079 532
14 0 512 400
14 1 1077 532
15 0 514 401
15 1 1076 532
16 0 515 400
16 1 1076 532
17 0 516 402
17 1 1075 532
18 0 518 402
18 1 1073 532
19 0 520 402
19 1 1072 532
20 0 521 402
20 1 1072 531
21 0 522 403
21 1 1071 530
22 0 524 402
22 1 1069 531
23 0 525 403
23 1 1068 530
24 0 526 403
24 1 1068 530
25 0 528 403
25 1 1066 530
26 0 529 404
26 1 1065 530
27 0 529 405
27 1 1063 530
28 0 530 405
28 1 1062 530
29 0 531 405
29 1 1062 530
30 0 531 405
30 1 1061 530
31 0 532 406
31 1 1059 530
32 0 533 407
32 1 1058 530
33 0 534 407
33 1 1058 531
34 0 536 408
34 1 1057 530
35 0 537 410
35 1 1055 531
36 0 536 410
36 1 1054 531
37 0 537 411
37 1 1054 531
38 0 537 412
38 1 1054 531
39 0 537 414
39 1 1054 531
40 0 537 415
40 1 1054 531
41 0 538 416
41 1 1054 531
42 0 539 418
42 1 1054 531
43 0 539 420
43 1 1054 531
44 0 539 421
44 1 1054 531
45 0 539 421
45 1 1054 531
46 0 540 422
46 1 1054 531
47 0 540 424
47 1 1054 531
48 0 541 425
48 1 1054 531
49 0 540 426
49 1 1054 531
50 0 541 427
50 1 1054 531
51 0 541 428
51 1 1054 531
52 0 541 430
52 1 1054 531
53 0 541 430
53 1 1054 531
54 0 540 431
54 1 1054 531
55 0 541 431
55 1 1054 531
56 0 540 432
56 1 1054 531
57 0 540 434
57 1 1054 531
58 0 540 435
58 1 1053 532
59 0 540 435
59 1 1052 533
60 0 540 436
60 1 1052 533
61 0 540 437
61 1 1052 533
62 0 540 437
62 1 1052 533
63 0 540 438
63 1 1051 534
64 0 540 440
64 1 1050 535
65 0 539 441
65 1 1050 535
66 0 538 441
66 1 1050 535
67 0 538 443
67 1 1050 535
68 0 538 444
68 1 1049 536
69 0 537 446
69 1 1048 537
70 0 535 447
70 1 1048 537
71 0 535 447
71 1 1048 537
72 0 534 449
72 1 1047 537
73 0 534 450
73 1 1045 538
74 0 534 451
74 1 1045 539
75 0 534 451
75 1 1045 538
76 0 534 452
76 1 1044 540
77 0 534 454
77 1 1045 540
78 0 533 456
78 1 1043 541
79 0 532 457
79 1 1042 541
80 0 533 458
80 1 1042 542
81 0 532 460
81 1 1042 543
82 0 532 461
82 1 1042 543
83 0 532 461
83 1 1041 543
84 0 532 462
84 1 1040 544
85 0 532 463
85 1 1040 545
86 0 532 463
86 1 1040 545
87 0 531 464
87 1 1040 545
88 0 530 466
88 1 1040 545
89 0 531 467
89 1 1040 545
90 0 531 467
90 1 1040 545
91 0 531 468
91 1 1039 545
92 0 531 469
92 1 1038 546
93 0 531 469
93 1 1039 547
94 0 531 470
94 1 1038 546
95 0 532 471
95 1 1038 547
96 0 533 471
96 1 1038 546
97 0 533 472
97 1 1038 547
98 0 533 473
98 1 1038 546
99 0 534 473
99 1 1038 547
100 0 535 474
100 1 1038 546
101 0 535 476
101 1 1038 547
102 0 535 477
102 1 1038 546
103 0 536 478
103 1 1038 547
104 0 537 479
104 1 1038 546
105 0 536 479
105 1 1038 547
106 0 538 481
106 1 1038 546
107 0 538 481
107 1 1038 547
108 0 539 483
108 1 1038 546
109 0 538 484
109 1 1037 547
110 0 539 486
110 1 1036 546
111 0 539 487
111 1 1037 547
112 0 539 487
112 1 1036 546
113 0 539 488
113 1 1037 547
114 0 539 490
114 1 1036 546
115 0 539 491
115 1 1036 547
116 0 539 491
116 1 1036 546
117 0 539 493
117 1 1036 547
118 0 538 494
118 1 1035 546
119 0 539 496
119 1 1034 547
120 0 538 497
120 1 1034 546
121 0 538 498
121 1 1033 547
122 0 538 500
122 1 1032 546
123 0 537 502
123 1 1033 547
124 0 536 503
124 1 1032 546
125 0 537 504
125 1 1032 547
126 0 535 506
126 1 1032 546
127 0 535 507
127 1 1032 547
128 0 534 508
128 1 1032 546
129 0 534 510
129 1 1032 547
130 0 533 511
130 1 1032 546
131 0 532 511
131 1 1032 547
132 0 532 512
132 1 1032 546
133 0 532 514
133 1 1032 547
134 0 531 515
134 1 1032 546
135 0 530 515
135 1 1032 547
136 0 531 516
136 1 1032 546
137 0 530 518
137 1 1032 547
138 0 530 520
138 1 1032 546
139 0 530 521
139 1 1032 547
140 0 530 521
140 1 1032 546
141 0 530 522
141 1 1032 547
142 0 530 524
142 1 1032 546
143 0 530 526
143 1 1032 547
144 0 530 527
144 1 1032 546
145 0 531 527
145 1 1032 547
146 0 531 527
146 1 1032 546
147 0 531 528
147 1 1032 547
148 0 531 529
148 1 1032 546
149 0 532 530
149 1 1032 547
150 0 533 531
150 1 1032 546
151 0 532 531
151 1 1032 547
152 0 533 531
152 1 1032 546
153 0 533 532
153 1 1032 547
154 0 533 533
154 1 1032 546
155 0 533 532
155 1 1032 547
156 0 533 533
156 1 1032 546
157 0 533 533
157 1 1032 547
158 0 532 533
158 1 1032 546
159 0 533 534
159 1 1032 547
160 0 532 536
160 1 1032 546
161 0 533 538
161 1 1032 547
162 0 532 539
162 1 1032 546
163 0 532 539
163 1 1032 547
164 0 532 540
164 1 1032 546
165 0 531 542
165 1 1032 547
166 0 530 544
166 1 1032 546
167 0 530 545
167 1 1032 547
168 0 529 546
168 1 1032 546
169 0 528 548
169 1 1032 547
170 0 528 549
170 1 1032 546
171 0 527 549
171 1 1032 547
172 0 525 550
172 1 1032 546
173 0 524 551
173 1 1032 547
174 0 523 551
174 1 1032 546
175 0 521 552
175 1 1032 547
176 0 520 553
176 1 1032 546
177 0 519 553
177 1 1032 547
178 0 517 553
178 1 1032 546
179 0 516 553
179 1 1032 547
180 0 515 554
180 1 1032 546
181 0 516 554
181 1 1032 547
182 0 515 555
182 1 1032 546
183 0 513 554
183 1 1032 547
184 0 512 555
184 1 1032 546
185 0 511 555
185 1 1032 547
186 0 509 555
186 1 1032 546
187 0 507 555
187 1 1032 547
188 0 506 556
188 1 1032 546
189 0 505 557
189 1 1032 547
190 0 503 556
190 1 1032 546
191 0 501 556
191 1 1032 547
192 0 500 556
192 1 1032 546
193 0 499 556
193 1 1032 547
194 0 498 556
194 1 1032 546
195 0 498 555
195 1 1032 547
196 0 497 554
196 1 1032 546
197 0 495 554
197 1 1032 547
198 0 493 554
198 1 1032 546
199 0 492 553
199 1 1032 547
200 0 491 552
200 1 1032 546
201 0 489 552
201 1 1032 547
202 0 488 552
202 1 1032 546
203 0 488 552
203 1 1032 547
204 0 488 552
204 1 1032 546
205 0 487 552
205 1 1032 547
206 0 486 552
206 1 1032 546
207 0 486 552
207 1 1032 547
208 0 486 552
208 1 1032 546
209 0 485 552
209 1 1032 547
210 0 484 552
210 1 1032 546
211 0 484 552
211 1 1031 547
212 0 483 552
212 1 1030 546
213 0 481 553
213 1 1031 547
214 0 480 552
214 1 1029 546
215 0 480 554
215 1 1029 547
216 0 479 554
216 1 1029 546
217 0 478 555
217 1 1029 547
218 0 478 555
218 1 1029 547
219 0 477 555
219 1 1029 547
220 0 476 555
220 1 1028 547
221 0 476 555
221 1 1029 547
222 0 475 556
222 1 1028 547
223 0 474 557
223 1 1029 547
224 0 474 556
224 1 1028 547
225 0 474 557
225 1 1029 547
226 0 474 556
226 1 1028 547
227 0 474 557
227 1 1029 547
228 0 474 556
228 1 1028 547
229 0 474 557
229 1 1029 547
230 0 474 556
230 1 1028 547
231 0 474 557
231 1 1029 547
232 0 474 556
232 1 1028 547
233 0 474 557
233 1 1029 547
234 0 474 556
234 1 1028 547
235 0 473 556
235 1 1029 547
236 0 472 556
236 1 1028 547
237 0 473 556
237 1 1029 547
238 0 472 556
238 1 1028 547
239 0 472 556
239 1 1028 547
240 0 472 556
240 1 1028 547
241 0 472 556
241 1 1028 547
242 0 472 556
242 1 1028 547
243 0 472 556
243 1 1028 547
244 0 471 556
244 1 1028 547
245 0 470 556
245 1 1028 547
246 0 471 556
246 1 1028 547
247 0 470 556
247 1 1028 547
248 0 470 556
248 1 1028 547
249 0 470 556
249 1 1028 547
250 0 470 556
250 1 1028 547
251 0 470 556
251 1 1028 547
252 0 470 556
252 1 1028 547
253 0 470 556
253 1 1028 547
254 0 470 556
254 1 1028 547
255 0 470 556
255 1 1028 547
256 0 470 556
256 1 1028 547
257 0 470 557
257 1 1028 547
258 0 470 556
258 1 1028 547
259 0 470 557
259 1 1028 547
260 0 470 556
260 1 1028 547
261 0 470 557
261 1 1028 547
262 0 470 556
262 1 1028 547
263 0 470 557
263 1 1028 547
264 0 470 556
264 1 1027 548
265 0 470 557
265 1 1026 549
266 0 470 556
266 1 1027 548
267 0 470 557
267 1 1026 549
268 0 470 556
268 1 1027 548
269 0 470 557
269 1 1026 549
270 0 470 556
270 1 1027 549
271 0 470 557
271 1 1026 549
272 0 470 556
272 1 1027 549
273 0 470 557
273 1 1026 549
274 0 470 557
274 1 1027 549
275 0 470 557
275 1 1026 549
276 0 469 557
276 1 1027 549
277 0 469 557
277 1 1026 549
278 0 468 557
278 1 1027 549
279 0 468 557
279 1 1026 549
280 0 468 557
280 1 1027 549
281 0 468 557
281 1 1026 549
282 0 468 557
282 1 1027 549
283 0 468 557
283 1 1026 549
284 0 467 557
284 1 1027 549
285 0 467 557
285 1 1026 549
286 0 466 557
286 1 1027 549
287 0 467 557
287 1 1026 549
288 0 466 557
288 1 1027 549
289 0 466 557
289 1 1026 549
290 0 466 557
290 1 1027 549
291 0 466 557
291 1 1026 549
292 0 466 557
292 1 1027 549
293 0 466 557
293 1 1026 549
294 0 466 557
294 1 1026 549
295 0 466 557
295 1 1026 549
296 0 466 557
296 1 1026 550
297 0 466 557
297 1 1026 551
298 0 466 557
298 1 1026 550
299 0 466 557
299 1 1026 551
300 0 466 557
300 1 1026 551
301 0 466 557
301 1 1025 551
302 0 466 557
302 1 1024 551
303 0 466 557
303 1 1025 551
304 0 466 557
304 1 1024 552
305 0 466 557
305 1 1024 553
306 0 466 557
306 1 1024 552
307 0 466 557
307 1 1024 553
308 0 466 557
308 1 1023 553
309 0 466 557
309 1 1022 553
310 0 466 557
310 1 1022 553
311 0 466 557
311 1 1022 553
312 0 466 557
312 1 1022 553
313 0 466 557
313 1 1021 554
314 0 466 557
314 1 1020 555
315 0 466 557
315 1 1020 554
316 0 466 557
316 1 1019 555
317 0 466 557
317 1 1018 555
318 0 466 557
318 1 1018 555
319 0 466 557
319 1 1018 555
320 0 466 557
320 1 1017 555
321 0 466 557
321 1 1016 556
322 0 466 557
322 1 1016 557
323 0 466 557
323 1 1016 557
324 0 466 557
324 1 1015 557
325 0 466 557
325 1 1014 558
326 0 466 557
326 1 1014 559
327 0 466 557
327 1 1014 559
328 0 466 557
328 1 1013 559
329 0 466 557
329 1 1012 560
330 0 466 557
330 1 1012 561
331 0 466 557
331 1 1012 561
332 0 466 557
332 1 1012 561
333 0 466 557
333 1 1012 562
334 0 466 557
334 1 1012 563
335 0 466 557
335 1 1012 563
336 0 466 557
336 1 1012 563
337 0 466 557
337 1 1012 563
338 0 466 557
338 1 1012 564
339 0 466 557
339 1 1012 565
340 0 466 557
340 1 1012 565
341 0 466 557
341 1 1012 566
342 0 466 557
342 1 1012 568
343 0 466 557
343 1 1012 568
344 0 466 557
344 1 1012 569
345 0 466 557
345 1 1012 568
346 0 466 557
346 1 1012 569
347 0 466 557
347 1 1012 569
348 0 466 557
348 1 1012 569
349 0 466 557
349 1 1012 569
350 0 466 557
350 1 1012 570
351 0 466 557
351 1 1012 571
352 0 466 557
352 1 1012 571
353 0 466 556
353 1 1012 572
354 0 466 557
354 1 1012 573
355 0 466 556
355 1 1012 573
356 0 466 557
356 1 1012 573
357 0 466 556
357 1 1012 573
358 0 466 556
358 1 1012 573
359 0 466 556
359 1 1012 573
360 0 466 556
360 1 1012 573
361 0 466 555
361 1 1012 573
362 0 466 554
362 1 1012 574
363 0 466 555
363 1 1011 575
364 0 466 554
364 1 1010 574
365 0 466 555
365 1 1011 576
366 0 466 554
366 1 1010 576
367 0 466 555
367 1 1010 576
368 0 466 554
368 1 1010 576
369 0 466 555
369 1 1010 576
370 0 466 554
370 1 1009 577
371 0 466 555
371 1 1008 576
372 0 466 554
372 1 1009 577
373 0 466 554
373 1 1008 576
374 0 466 554
374 1 1009 577
375 0 466 554
375 1 1008 577
376 0 466 554
376 1 1009 577
377 0 466 554
377 1 1008 577
378 0 466 554
378 1 1009 577
379 0 466 554
379 1 1008 577
380 0 466 554
380 1 1009 577
381 0 466 554
381 1 1008 577
382 0 466 554
382 1 1009 578
383 0 466 554
383 1 1008 579
384 0 466 554
384 1 1008 579
385 0 466 554
385 1 1007 579
386 0 466 554
386 1 1006 579
387 0 466 554
387 1 1006 580
388 0 466 554
388 1 1006 581
389 0 466 554
389 1 1006 581
390 0 466 554
390 1 1005 582
391 0 466 554
391 1 1003 583
392 0 466 554
392 1 1003 583
393 0 466 554
393 1 1002 583
394 0 466 554
394 1 1002 584
395 0 466 554
395 1 1002 585
396 0 466 554
396 1 1001 585
397 0 466 554
397 1 1000 585
398 0 466 554
398 1 1000 585
399 0 466 554
399 1 1000 586
400 0 466 554
400 1 999 587
401 0 466 554
401 1 997 587
402 0 466 554
402 1 996 587
403 0 466 554
403 1 996 588
404 0 466 554
404 1 995 589
405 0 466 554
405 1 994 589
406 0 466 554
406 1 994 589
407 0 466 554
407 1 993 590
408 0 466 554
408 1 992 591
409 0 466 554
409 1 992 591
410 0 466 554
410 1 991 591
411 0 466 554
411 1 989 591
412 0 466 554
412 1 989 591
413 0 466 554
413 1 988 591
414 0 466 554
414 1 988 591
415 0 466 554
415 1 988 591
416 0 466 554
416 1 987 592
417 0 466 554
417 1 986 593
418 0 466 554
418 1 986 592
419 0 466 554
419 1 986 593
420 0 466 554
420 1 985 593
421 0 466 554
421 1 984 593
422 0 466 554
422 1 984 594
423 0 466 555
423 1 983 595
424 0 466 555
424 1 982 595
425 0 466 555
425 1 982 596
426 0 466 555
426 1 982 597
427 0 466 555
427 1 981 597
428 0 466 555
428 1 980 597
429 0 466 555
429 1 981 598
430 0 466 555
430 1 980 599
431 0 466 555
431 1 980 599
432 0 466 555
432 1 980 599
433 0 466 555
433 1 979 600
434 0 466 555
434 1 979 601
435 0 466 555
435 1 978 601
