FRAME   ID  X   Y (0 is Leader, 1 is Follower)
1 0 1090 532
1 1 568 606
2 0 1089 532
2 1 568 607
3 0 1087 532
3 1 568 607
4 0 1085 532
4 1 568 608
5 0 1084 532
5 1 569 610
6 0 1084 532
6 1 568 611
7 0 1083 532
7 1 569 611
8 0 1081 532
8 1 568 612
9 0 1080 532
9 1 570 614
10 0 1080 532
10 1 570 615
11 0 1079 532
11 1 570 615
12 0 1077 532
12 1 570 616
13 0 1076 532
13 1 570 618
14 0 1076 532
14 1 570 619
15 0 1075 532
15 1 570 619
16 0 1074 532
16 1 570 619
17 0 1073 532
17 1 570 620
18 0 1072 532
18 1 570 622
19 0 1071 532
19 1 570 623
20 0 1070 531
20 1 570 623
21 0 1069 530
21 1 570 624
22 0 1067 531
22 1 570 626
23 0 1066 530
23 1 570 626
24 0 1066 530
24 1 570 627
25 0 1065 530
25 1 570 627
26 0 1063 530
26 1 570 628
27 0 1061 530
27 1 570 630
28 0 1060 530
28 1 570 630
29 0 1060 530
29 1 570 631
30 0 1059 530
30 1 570 630
31 0 1057 530
31 1 570 631
32 0 1056 531
32 1 569 631
33 0 1056 530
33 1 568 631
34 0 1055 531
34 1 569 631
35 0 1053 531
35 1 568 631
36 0 1052 531
36 1 568 631
37 0 1052 531
37 1 568 631
38 0 1052 531
38 1 568 631
39 0 1052 532
39 1 567 631
40 0 1052 532
40 1 566 631
41 0 1052 532
41 1 566 632
42 0 1052 532
42 1 566 633
43 0 1052 532
43 1 566 633
44 0 1052 532
44 1 565 633
45 0 1052 532
45 1 564 633
46 0 1052 532
46 1 565 633
47 0 1052 532
47 1 564 633
48 0 1052 532
48 1 565 633
49 0 1052 532
49 1 565 634
50 0 1052 532
50 1 565 635
51 0 1052 532
51 1 565 635
52 0 1052 532
52 1 566 635
53 0 1052 532
53 1 567 636
54 0 1052 532
54 1 567 637
55 0 1052 532
55 1 567 637
56 0 1052 532
56 1 567 638
57 0 1052 532
57 1 567 639
58 0 1051 533
58 1 568 639
59 0 1050 532
59 1 569 639
60 0 1051 533
60 1 569 639
61 0 1049 533
61 1 570 639
62 0 1049 533
62 1 571 639
63 0 1049 534
63 1 571 640
64 0 1048 535
64 1 572 641
65 0 1048 535
65 1 573 640
66 0 1048 535
66 1 574 641
67 0 1048 535
67 1 576 641
68 0 1047 536
68 1 577 641
69 0 1046 537
69 1 578 641
70 0 1046 536
70 1 579 641
71 0 1046 538
71 1 579 641
72 0 1045 538
72 1 580 641
73 0 1043 538
73 1 582 641
74 0 1043 539
74 1 583 641
75 0 1043 538
75 1 584 641
76 0 1042 539
76 1 586 641
77 0 1043 539
77 1 587 640
78 0 1041 540
78 1 588 641
79 0 1040 541
79 1 590 640
80 0 1041 541
80 1 591 641
81 0 1039 542
81 1 592 640
82 0 1039 543
82 1 594 641
83 0 1038 543
83 1 595 640
84 0 1039 543
84 1 595 641
85 0 1038 543
85 1 596 640
86 0 1038 544
86 1 598 641
87 0 1038 545
87 1 599 641
88 0 1038 544
88 1 600 642
89 0 1038 545
89 1 602 643
90 0 1038 545
90 1 603 643
91 0 1037 545
91 1 604 643
92 0 1036 545
92 1 606 643
93 0 1037 545
93 1 607 644
94 0 1036 545
94 1 608 645
95 0 1036 545
95 1 610 644
96 0 1036 545
96 1 611 645
97 0 1036 545
97 1 612 644
98 0 1036 545
98 1 613 644
99 0 1036 545
99 1 614 644
100 0 1036 545
100 1 616 644
101 0 1036 545
101 1 617 643
102 0 1036 545
102 1 617 641
103 0 1036 545
103 1 618 641
104 0 1036 545
104 1 620 640
105 0 1036 545
105 1 621 640
106 0 1036 545
106 1 621 640
107 0 1036 545
107 1 622 639
108 0 1036 545
108 1 624 637
109 0 1035 545
109 1 625 637
110 0 1034 545
110 1 625 636
111 0 1035 545
111 1 625 636
112 0 1034 545
112 1 626 635
113 0 1035 545
113 1 628 634
114 0 1034 545
114 1 629 634
115 0 1034 545
115 1 630 634
116 0 1034 545
116 1 631 634
117 0 1034 545
117 1 632 633
118 0 1033 545
118 1 633 632
119 0 1032 545
119 1 634 632
120 0 1032 545
120 1 635 632
121 0 1031 545
121 1 634 632
122 0 1030 545
122 1 635 632
123 0 1031 545
123 1 634 632
124 0 1030 545
124 1 635 632
125 0 1030 545
125 1 634 632
126 0 1030 545
126 1 635 632
127 0 1030 545
127 1 634 632
128 0 1030 545
128 1 635 632
129 0 1030 545
129 1 634 632
130 0 1030 545
130 1 635 632
131 0 1030 545
131 1 635 632
132 0 1030 545
132 1 635 632
133 0 1030 545
133 1 636 632
134 0 1030 545
134 1 637 632
135 0 1030 545
135 1 637 632
136 0 1030 545
136 1 637 632
137 0 1030 545
137 1 638 633
138 0 1030 545
138 1 640 632
139 0 1030 545
139 1 641 633
140 0 1030 545
140 1 641 632
141 0 1030 545
141 1 642 632
142 0 1030 545
142 1 643 632
143 0 1030 545
143 1 644 631
144 0 1030 545
144 1 645 630
145 0 1030 545
145 1 645 630
146 0 1030 545
146 1 646 630
147 0 1030 545
147 1 648 629
148 0 1030 545
148 1 648 628
149 0 1030 545
149 1 649 628
150 0 1030 545
150 1 650 627
151 0 1030 545
151 1 651 626
152 0 1030 545
152 1 651 625
153 0 1030 545
153 1 651 623
154 0 1030 545
154 1 651 622
155 0 1030 545
155 1 651 622
156 0 1030 545
156 1 651 621
157 0 1030 545
157 1 652 620
158 0 1030 545
158 1 653 619
159 0 1030 545
159 1 652 617
160 0 1030 545
160 1 653 616
161 0 1030 545
161 1 652 615
162 0 1030 545
162 1 652 613
163 0 1030 545
163 1 652 612
164 0 1030 545
164 1 652 611
165 0 1030 545
165 1 652 609
166 0 1030 545
166 1 652 608
167 0 1030 545
167 1 652 608
168 0 1030 545
168 1 652 606
169 0 1030 545
169 1 652 605
170 0 1030 545
170 1 652 604
171 0 1030 545
171 1 652 604
172 0 1030 545
172 1 652 604
173 0 1030 545
173 1 652 604
174 0 1030 545
174 1 651 603
175 0 1030 545
175 1 650 602
176 0 1030 545
176 1 651 603
177 0 1030 545
177 1 650 601
178 0 1030 545
178 1 651 601
179 0 1030 545
179 1 650 600
180 0 1030 545
180 1 651 600
181 0 1030 545
181 1 650 600
182 0 1030 545
182 1 651 599
183 0 1030 545
183 1 650 597
184 0 1030 545
184 1 650 596
185 0 1030 545
185 1 650 596
186 0 1030 545
186 1 649 596
187 0 1030 545
187 1 648 596
188 0 1030 545
188 1 648 595
189 0 1030 545
189 1 647 594
190 0 1030 545
190 1 645 594
191 0 1030 545
191 1 645 594
192 0 1030 545
192 1 644 594
193 0 1030 545
193 1 644 594
194 0 1030 545
194 1 644 594
195 0 1030 545
195 1 643 594
196 0 1030 545
196 1 642 594
197 0 1030 545
197 1 642 594
198 0 1030 545
198 1 641 593
199 0 1030 545
199 1 639 591
200 0 1030 545
200 1 639 590
201 0 1030 545
201 1 638 590
202 0 1030 545
202 1 638 589
203 0 1030 545
203 1 637 587
204 0 1030 545
204 1 635 585
205 0 1030 545
205 1 634 584
206 0 1030 545
206 1 634 583
207 0 1030 545
207 1 633 581
208 0 1030 545
208 1 632 580
209 0 1030 545
209 1 633 579
210 0 1030 545
210 1 632 577
211 0 1029 545
211 1 633 576
212 0 1028 545
212 1 633 575
213 0 1029 545
213 1 633 574
214 0 1027 545
214 1 633 573
215 0 1027 545
215 1 633 571
216 0 1027 545
216 1 633 570
217 0 1027 545
217 1 633 569
218 0 1027 545
218 1 633 567
219 0 1027 545
219 1 633 565
220 0 1026 545
220 1 632 563
221 0 1027 545
221 1 632 562
222 0 1026 545
222 1 631 561
223 0 1027 545
223 1 630 560
224 0 1026 545
224 1 630 560
225 0 1027 545
225 1 630 560
226 0 1026 545
226 1 630 560
227 0 1027 545
227 1 630 560
228 0 1026 545
228 1 629 560
229 0 1027 545
229 1 628 560
230 0 1026 545
230 1 629 560
231 0 1027 545
231 1 628 559
232 0 1026 545
232 1 629 558
233 0 1027 545
233 1 628 559
234 0 1026 545
234 1 629 558
235 0 1027 545
235 1 628 558
236 0 1026 545
236 1 629 558
237 0 1027 545
237 1 628 558
238 0 1026 545
238 1 629 558
239 0 1026 545
239 1 628 558
240 0 1026 545
240 1 629 558
241 0 1026 545
241 1 628 558
242 0 1026 545
242 1 629 558
243 0 1026 545
243 1 629 558
244 0 1026 545
244 1 629 558
245 0 1026 545
245 1 629 558
246 0 1026 545
246 1 629 558
247 0 1026 545
247 1 629 558
248 0 1026 545
248 1 629 558
249 0 1026 545
249 1 629 558
250 0 1026 545
250 1 629 558
251 0 1026 545
251 1 629 558
252 0 1026 545
252 1 629 558
253 0 1026 545
253 1 629 558
254 0 1026 545
254 1 629 558
255 0 1026 545
255 1 629 558
256 0 1026 545
256 1 629 558
257 0 1026 545
257 1 629 558
258 0 1026 545
258 1 629 558
259 0 1026 545
259 1 629 558
260 0 1026 545
260 1 629 558
261 0 1026 545
261 1 629 558
262 0 1026 545
262 1 629 558
263 0 1026 545
263 1 629 558
264 0 1025 546
264 1 629 558
265 0 1024 547
265 1 629 558
266 0 1025 546
266 1 629 558
267 0 1024 547
267 1 629 558
268 0 1025 546
268 1 629 558
269 0 1024 547
269 1 629 558
270 0 1025 547
270 1 629 558
271 0 1024 547
271 1 629 558
272 0 1025 547
272 1 629 558
273 0 1024 547
273 1 629 558
274 0 1025 547
274 1 629 558
275 0 1024 547
275 1 629 558
276 0 1025 547
276 1 629 558
277 0 1024 547
277 1 629 558
278 0 1025 547
278 1 629 558
279 0 1024 547
279 1 629 558
280 0 1025 547
280 1 629 558
281 0 1024 547
281 1 629 558
282 0 1025 547
282 1 629 558
283 0 1024 547
283 1 629 558
284 0 1025 547
284 1 629 558
285 0 1024 547
285 1 629 558
286 0 1025 547
286 1 629 558
287 0 1024 547
287 1 629 558
288 0 1025 547
288 1 629 558
289 0 1024 547
289 1 629 558
290 0 1025 547
290 1 629 558
291 0 1024 547
291 1 629 558
292 0 1025 547
292 1 629 558
293 0 1024 547
293 1 629 558
294 0 1025 547
294 1 629 558
295 0 1024 547
295 1 629 558
296 0 1024 548
296 1 629 558
297 0 1024 549
297 1 629 558
298 0 1024 548
298 1 629 558
299 0 1024 549
299 1 629 558
300 0 1024 549
300 1 629 558
301 0 1023 549
301 1 629 558
302 0 1022 550
302 1 629 558
303 0 1023 550
303 1 629 558
304 0 1022 551
304 1 629 558
305 0 1022 550
305 1 629 557
306 0 1022 551
306 1 629 556
307 0 1022 550
307 1 629 557
308 0 1021 551
308 1 629 556
309 0 1020 551
309 1 628 555
310 0 1020 551
310 1 629 554
311 0 1020 551
311 1 628 553
312 0 1020 551
312 1 628 552
313 0 1019 552
313 1 628 551
314 0 1018 553
314 1 628 549
315 0 1018 552
315 1 627 548
316 0 1017 553
316 1 626 548
317 0 1016 553
317 1 627 547
318 0 1016 553
318 1 626 545
319 0 1016 553
319 1 627 544
320 0 1015 554
320 1 627 544
321 0 1014 555
321 1 628 543
322 0 1014 555
322 1 629 542
323 0 1014 555
323 1 629 542
324 0 1013 556
324 1 629 542
325 0 1012 557
325 1 629 542
326 0 1012 557
326 1 630 541
327 0 1012 557
327 1 631 540
328 0 1011 558
328 1 631 540
329 0 1010 559
329 1 632 540
330 0 1010 559
330 1 633 540
331 0 1010 559
331 1 634 540
332 0 1010 560
332 1 635 541
333 0 1010 561
333 1 636 541
334 0 1010 560
334 1 637 541
335 0 1010 562
335 1 637 542
336 0 1010 562
336 1 638 543
337 0 1010 562
337 1 639 543
338 0 1010 563
338 1 640 544
339 0 1010 563
339 1 641 545
340 0 1010 564
340 1 643 545
341 0 1010 565
341 1 644 545
342 0 1010 565
342 1 645 545
343 0 1010 566
343 1 646 546
344 0 1010 567
344 1 647 547
345 0 1010 566
345 1 648 547
346 0 1010 567
346 1 650 548
347 0 1010 567
347 1 651 550
348 0 1010 568
348 1 651 551
349 0 1010 569
349 1 652 551
350 0 1010 568
350 1 654 552
351 0 1010 570
351 1 656 554
352 0 1010 570
352 1 657 554
353 0 1010 571
353 1 657 554
354 0 1010 571
354 1 658 554
355 0 1010 571
355 1 660 554
356 0 1010 571
356 1 661 555
357 0 1010 571
357 1 662 555
358 0 1010 571
358 1 663 555
359 0 1010 571
359 1 663 555
360 0 1010 572
360 1 664 555
361 0 1010 573
361 1 666 555
362 0 1010 572
362 1 667 555
363 0 1009 573
363 1 668 556
364 0 1008 573
364 1 670 556
365 0 1009 573
365 1 671 556
366 0 1008 573
366 1 672 557
367 0 1008 574
367 1 674 557
368 0 1008 575
368 1 676 557
369 0 1008 574
369 1 678 557
370 0 1008 575
370 1 679 557
371 0 1007 575
371 1 680 557
372 0 1007 575
372 1 682 558
373 0 1007 575
373 1 683 558
374 0 1006 575
374 1 684 558
375 0 1007 575
375 1 686 559
376 0 1006 575
376 1 688 558
377 0 1007 575
377 1 689 559
378 0 1006 575
378 1 689 558
379 0 1007 575
379 1 690 558
380 0 1006 576
380 1 693 558
381 0 1007 577
381 1 694 558
382 0 1006 576
382 1 695 557
383 0 1007 577
383 1 696 556
384 0 1005 577
384 1 698 556
385 0 1005 577
385 1 699 555
386 0 1004 578
386 1 700 553
387 0 1005 580
387 1 701 552
388 0 1004 580
388 1 702 552
389 0 1004 581
389 1 703 551
390 0 1003 581
390 1 703 549
391 0 1002 581
391 1 704 547
392 0 1002 581
392 1 705 546
393 0 1001 582
393 1 705 546
394 0 1000 583
394 1 705 544
395 0 1000 583
395 1 706 543
396 0 1000 583
396 1 707 540
397 0 999 584
397 1 707 540
398 0 998 585
398 1 707 538
399 0 998 584
399 1 707 537
400 0 997 586
400 1 707 535
401 0 996 586
401 1 707 533
402 0 996 587
402 1 707 532
403 0 995 587
403 1 707 532
404 0 993 587
404 1 708 531
405 0 992 587
405 1 709 529
406 0 992 588
406 1 708 528
407 0 992 589
407 1 709 528
408 0 991 589
408 1 708 527
409 0 990 589
409 1 709 525
410 0 990 589
410 1 708 524
411 0 989 589
411 1 709 524
412 0 987 589
412 1 709 523
413 0 987 589
413 1 709 521
414 0 986 590
414 1 709 520
415 0 986 591
415 1 709 520
416 0 986 590
416 1 709 519
417 0 985 591
417 1 708 517
418 0 984 591
418 1 709 515
419 0 984 591
419 1 708 513
420 0 984 591
420 1 709 512
421 0 983 592
421 1 708 512
422 0 982 593
422 1 708 511
423 0 982 593
423 1 708 509
424 0 981 593
424 1 707 507
425 0 980 594
425 1 706 506
426 0 980 595
426 1 706 505
427 0 980 595
427 1 706 503
428 0 980 596
428 1 706 501
429 0 980 597
429 1 706 500
430 0 979 597
430 1 705 499
431 0 978 597
431 1 704 497
432 0 978 598
432 1 705 495
433 0 978 599
433 1 704 494
434 0 978 599
434 1 704 494
435 0 978 600
435 1 704 493
436 0 978 602
436 1 703 491
437 0 978 602
437 1 702 491
438 0 978 603
438 1 702 490
439 0 978 603
439 1 702 490
440 0 978 603
440 1 701 490
441 0 978 604
441 1 700 490
442 0 979 606
442 1 700 490
443 0 978 606
443 1 700 490
444 0 979 607
444 1 699 489
445 0 979 607
445 1 698 488
446 0 979 607
446 1 698 488
447 0 980 608
447 1 698 488
448 0 981 609
448 1 697 487
449 0 981 610
449 1 696 486
450 0 981 611
450 1 697 486
451 0 981 611
451 1 696 486
452 0 981 611
452 1 697 486
453 0 982 612
453 1 696 486
454 0 983 613
454 1 697 485
455 0 982 612
455 1 696 484
456 0 983 613
456 1 697 484
457 0 983 613
457 1 696 484
458 0 983 613
458 1 697 483
459 0 983 613
459 1 696 481
460 0 983 613
460 1 696 480
461 0 983 613
461 1 696 480
462 0 983 613
462 1 696 480
463 0 983 613
463 1 695 479
464 0 983 613
464 1 694 477
465 0 983 613
465 1 694 477
466 0 983 613
466 1 694 476
467 0 983 614
467 1 693 476
468 0 983 615
468 1 692 476
469 0 983 614
469 1 693 476
470 0 984 615
470 1 692 476
471 0 985 615
471 1 693 477
472 0 984 616
472 1 693 476
473 0 985 617
473 1 693 477
474 0 985 617
474 1 693 476
475 0 985 617
475 1 693 476
476 0 985 618
476 1 693 476
477 0 985 619
477 1 693 476
478 0 985 618
478 1 693 475
479 0 985 619
479 1 694 473
480 0 985 619
480 1 695 473
481 0 985 619
481 1 695 472
482 0 985 620
482 1 695 472
483 0 985 621
483 1 696 472
484 0 986 621
484 1 698 472
485 0 986 621
485 1 699 472
486 0 986 621
486 1 700 472
487 0 986 621
487 1 701 472
488 0 986 621
488 1 701 473
489 0 986 621
489 1 702 472
490 0 986 621
490 1 704 474
491 0 986 621
491 1 705 475
492 0 986 621
492 1 705 476
493 0 986 621
493 1 706 478
494 0 986 621
494 1 708 480
495 0 986 622
495 1 709 482
496 0 986 623
496 1 709 484
497 0 986 622
497 1 709 485
498 0 986 623
498 1 709 484
499 0 986 623
499 1 709 485
500 0 986 624
500 1 709 485
501 0 986 625
501 1 710 486
502 0 986 625
502 1 711 487
503 0 986 625
503 1 711 488
504 0 986 625
504 1 711 490
505 0 986 626
505 1 712 491
506 0 986 627
506 1 714 492
507 0 985 627
507 1 715 494
508 0 984 627
508 1 715 496
509 0 985 627
509 1 715 497
510 0 984 627
510 1 716 498
511 0 985 628
511 1 718 501
512 0 984 629
512 1 718 502
513 0 985 629
513 1 718 504
514 0 984 629
514 1 719 507
515 0 985 629
515 1 718 508
516 0 984 630
516 1 719 510
517 0 985 631
517 1 719 512
518 0 984 631
518 1 720 514
519 0 984 631
519 1 721 516
520 0 984 631
520 1 722 518
521 0 984 631
521 1 723 520
522 0 984 631
522 1 724 522
523 0 984 632
523 1 725 524
524 0 984 633
524 1 725 526
525 0 984 632
525 1 726 528
526 0 985 633
526 1 728 530
527 0 984 633
527 1 728 532
528 0 985 633
528 1 729 534
529 0 985 633
529 1 729 536
530 0 985 633
530 1 730 538
531 0 985 633
531 1 731 540
532 0 985 633
532 1 731 542
533 0 985 634
533 1 731 542
534 0 985 634
534 1 731 542
535 0 985 635
535 1 731 542
536 0 986 634
536 1 731 542
537 0 987 635
537 1 731 542
538 0 987 635
538 1 731 542
539 0 987 635
539 1 731 542
540 0 987 635
540 1 732 543
541 0 987 635
541 1 733 542
542 0 988 636
542 1 732 543
543 0 989 637
543 1 733 543
544 0 988 636
544 1 733 543
545 0 989 637
545 1 733 543
546 0 989 637
546 1 733 543
547 0 989 637
547 1 733 543
548 0 990 637
548 1 734 543
549 0 991 637
549 1 735 543
550 0 991 637
550 1 735 544
551 0 991 637
551 1 735 545
552 0 991 637
552 1 736 545
553 0 991 638
553 1 738 546
554 0 991 638
554 1 738 548
555 0 991 639
555 1 739 549
556 0 992 638
556 1 739 550
557 0 993 639
557 1 739 552
558 0 992 638
558 1 740 554
559 0 993 639
559 1 741 555
560 0 993 639
560 1 741 556
561 0 993 639
561 1 742 558
562 0 993 639
562 1 744 559
563 0 993 639
563 1 745 559
564 0 994 640
564 1 745 561
565 0 995 641
565 1 746 561
566 0 994 641
566 1 748 562
567 0 995 641
567 1 749 564
568 0 995 642
568 1 750 564
569 0 995 643
569 1 753 565
570 0 995 643
570 1 754 565
571 0 996 643
571 1 757 565
572 0 997 644
572 1 758 565
573 0 996 645
573 1 761 566
574 0 997 644
574 1 762 567
575 0 996 645
575 1 765 567
576 0 997 645
576 1 766 567
577 0 997 645
577 1 769 567
578 0 997 645
578 1 769 567
579 0 997 645
579 1 770 567
580 0 997 645
580 1 772 567
581 0 997 645
581 1 774 567
582 0 997 645
582 1 775 567
583 0 997 645
583 1 776 567
584 0 997 645
584 1 779 567
585 0 997 645
585 1 780 566
586 0 997 645
586 1 782 566
587 0 997 645
587 1 784 566
588 0 997 645
588 1 786 565
589 0 997 645
589 1 788 563
590 0 997 645
590 1 790 561
591 0 997 645
591 1 792 561
592 0 997 645
592 1 794 559
593 0 997 645
593 1 795 559
594 0 997 645
594 1 796 557
595 0 997 646
595 1 799 557
596 0 997 647
596 1 799 556
597 0 997 646
597 1 800 556
598 0 997 647
598 1 802 554
599 0 997 647
599 1 803 554
600 0 997 647
600 1 803 552
601 0 996 648
601 1 804 550
602 0 997 649
602 1 806 549
603 0 996 649
603 1 807 547
604 0 996 649
604 1 807 545
605 0 996 649
605 1 808 543
606 0 995 650
606 1 810 541
607 0 994 651
607 1 810 541
608 0 994 651
608 1 811 539
609 0 994 651
609 1 811 537
610 0 994 651
610 1 812 537
611 0 993 652
611 1 814 535
612 0 992 653
612 1 815 534
613 0 992 653
613 1 815 534
614 0 992 653
614 1 816 533
615 0 991 653
615 1 818 531
616 0 990 653
616 1 819 530
617 0 990 653
617 1 819 530
618 0 989 654
618 1 821 529
619 0 988 655
619 1 822 527
620 0 989 654
620 1 824 527
621 0 988 655
621 1 825 526
622 0 988 655
622 1 826 526
623 0 988 655
623 1 828 525
624 0 988 655
624 1 829 523
625 0 987 656
625 1 830 521
626 0 985 657
626 1 832 520
627 0 985 657
627 1 833 520
628 0 985 657
628 1 833 519
629 0 984 658
629 1 834 517
630 0 985 659
630 1 835 516
631 0 984 658
631 1 835 516
632 0 984 660
632 1 836 515
633 0 984 660
633 1 838 514
634 0 984 660
634 1 839 514
635 0 983 661
635 1 839 513
636 0 982 660
636 1 839 511
637 0 983 661
637 1 840 511
638 0 981 661
638 1 841 511
639 0 981 661
639 1 841 511
640 0 980 661
640 1 842 511
641 0 981 661
641 1 844 511
642 0 980 661
642 1 845 512
643 0 980 662
643 1 844 512
644 0 980 663
644 1 844 512
645 0 980 662
645 1 844 512
646 0 979 663
646 1 844 512
647 0 978 663
647 1 844 512
648 0 979 663
648 1 844 512
649 0 977 663
649 1 844 512
650 0 977 664
650 1 844 512
651 0 977 665
651 1 844 512
652 0 976 664
652 1 844 512
653 0 977 665
653 1 844 512
654 0 976 665
654 1 844 512
655 0 977 665
655 1 844 512
656 0 976 665
656 1 844 512
657 0 976 665
657 1 845 512
658 0 976 665
658 1 844 512
659 0 976 665
659 1 845 512
660 0 976 666
660 1 845 512
661 0 976 667
661 1 845 512
662 0 976 666
662 1 845 512
663 0 976 667
663 1 845 511
664 0 976 667
664 1 845 510
665 0 976 667
665 1 845 511
666 0 976 667
666 1 845 510
667 0 975 667
667 1 845 511
668 0 974 667
668 1 846 510
669 0 975 667
669 1 847 510
670 0 974 667
670 1 846 510
671 0 974 668
671 1 847 510
672 0 974 669
672 1 847 509
673 0 974 668
673 1 847 507
674 0 974 669
674 1 848 506
675 0 974 668
675 1 850 506
676 0 974 669
676 1 851 505
677 0 973 668
677 1 850 503
678 0 972 669
678 1 852 501
679 0 973 668
679 1 853 500
680 0 971 669
680 1 852 500
681 0 971 669
681 1 853 499
682 0 970 669
682 1 854 497
683 0 971 669
683 1 855 496
684 0 970 669
684 1 855 496
685 0 970 669
685 1 856 495
686 0 970 670
686 1 857 493
687 0 969 671
687 1 857 492
688 0 968 671
688 1 858 492
689 0 968 671
689 1 859 491
690 0 968 671
690 1 859 489
691 0 968 672
691 1 860 488
692 0 968 673
692 1 861 488
693 0 968 673
693 1 861 487
694 0 967 673
694 1 861 486
695 0 966 673
695 1 861 486
696 0 967 674
696 1 861 486
697 0 966 675
697 1 862 485
698 0 967 675
698 1 863 484
699 0 967 676
699 1 862 484
700 0 967 678
700 1 864 483
701 0 967 679
701 1 864 481
702 0 967 678
702 1 865 480
703 0 968 679
703 1 865 480
704 0 969 679
704 1 865 479
705 0 969 680
705 1 866 478
706 0 969 681
706 1 867 478
707 0 969 681
707 1 867 477
708 0 969 681
708 1 868 476
709 0 969 681
709 1 870 476
710 0 969 681
710 1 871 476
711 0 970 682
711 1 871 475
712 0 971 683
712 1 872 474
713 0 971 683
713 1 873 474
714 0 971 683
714 1 873 474
715 0 971 683
715 1 874 473
716 0 971 684
716 1 876 472
717 0 972 685
717 1 877 472
718 0 973 685
718 1 877 472
719 0 973 685
719 1 877 472
720 0 973 685
720 1 877 472
721 0 973 686
721 1 878 472
722 0 974 687
722 1 879 471
723 0 975 686
723 1 879 470
724 0 975 687
724 1 879 470
725 0 975 687
725 1 880 470
726 0 975 687
726 1 881 469
727 0 975 687
727 1 881 467
728 0 976 687
728 1 882 466
729 0 977 687
729 1 883 466
730 0 977 687
730 1 883 465
731 0 978 687
731 1 883 463
732 0 979 687
732 1 884 461
733 0 979 687
733 1 885 460
734 0 980 687
734 1 884 460
735 0 981 687
735 1 885 459
736 0 981 687
736 1 885 457
737 0 981 687
737 1 885 456
738 0 982 687
738 1 885 455
739 0 984 687
739 1 885 453
740 0 985 687
740 1 885 452
741 0 985 687
741 1 885 452
742 0 985 687
742 1 885 451
743 0 985 687
743 1 885 449
744 0 986 687
744 1 885 448
745 0 988 687
745 1 885 448
746 0 989 687
746 1 885 447
747 0 989 688
747 1 885 445
748 0 990 689
748 1 885 444
749 0 992 688
749 1 886 444
750 0 993 688
750 1 887 443
751 0 993 688
751 1 886 441
752 0 993 688
752 1 887 440
753 0 994 688
753 1 887 439
754 0 995 688
754 1 888 438
755 0 994 688
755 1 889 438
756 0 995 688
756 1 889 437
757 0 994 688
757 1 889 436
758 0 995 688
758 1 890 436
759 0 994 688
759 1 891 435
760 0 994 688
760 1 891 433
761 0 994 688
761 1 891 433
762 0 994 688
762 1 892 432
763 0 994 688
763 1 893 432
764 0 994 688
764 1 892 432
765 0 994 688
765 1 893 431
766 0 994 688
766 1 893 430
767 0 994 688
767 1 893 430
768 0 994 688
768 1 893 429
769 0 994 688
769 1 893 428
770 0 994 688
770 1 893 428
771 0 994 689
771 1 893 428
772 0 994 689
772 1 893 427
773 0 994 689
773 1 893 426
774 0 994 690
774 1 893 426
775 0 993 692
775 1 893 425
776 0 992 692
776 1 893 424
777 0 992 693
777 1 893 424
778 0 992 693
778 1 893 423
779 0 991 694
779 1 893 421
780 0 990 696
780 1 892 420
781 0 990 697
781 1 893 420
782 0 989 697
782 1 892 419
783 0 988 697
783 1 893 417
784 0 989 698
784 1 892 416
785 0 987 700
785 1 893 416
786 0 987 701
786 1 892 416
787 0 987 700
787 1 893 415
788 0 986 701
788 1 892 413
