FRAME   ID  X   Y (0 is Leader, 1 is Follower)
901 0 774 557
901 1 761 549
902 0 774 557
902 1 761 549
903 0 774 557
903 1 761 549
904 0 774 557
904 1 761 549
905 0 773 557
905 1 761 549
906 0 773 557
906 1 761 549
907 0 773 557
907 1 761 549
908 0 773 557
908 1 761 549
909 0 773 557
909 1 761 549
910 0 773 557
910 1 761 549
911 0 773 557
911 1 761 549
912 0 773 557
912 1 761 549
913 0 773 557
913 1 761 549
914 0 773 557
914 1 761 549
915 0 773 557
915 1 761 549
916 0 773 557
916 1 761 549
917 0 773 557
917 1 761 549
918 0 773 557
918 1 761 549
919 0 773 557
919 1 762 549
920 0 773 557
920 1 763 548
921 0 773 557
921 1 762 549
922 0 773 557
922 1 763 548
923 0 773 557
923 1 763 549
924 0 773 557
924 1 763 548
925 0 773 557
925 1 763 549
926 0 773 557
926 1 763 548
927 0 773 557
927 1 763 549
928 0 773 557
928 1 763 548
929 0 773 557
929 1 764 548
930 0 773 557
930 1 765 548
931 0 773 557
931 1 764 548
932 0 773 557
932 1 765 548
933 0 773 557
933 1 764 548
934 0 773 557
934 1 765 548
935 0 773 557
935 1 764 548
936 0 773 557
936 1 764 548
937 0 773 557
937 1 764 548
938 0 773 557
938 1 764 549
939 0 773 557
939 1 764 548
940 0 773 557
940 1 764 549
941 0 773 557
941 1 764 549
942 0 773 557
942 1 764 549
943 0 773 557
943 1 764 549
944 0 773 557
944 1 764 549
945 0 773 557
945 1 764 549
946 0 773 557
946 1 764 549
947 0 773 557
947 1 764 549
948 0 773 557
948 1 764 549
949 0 773 557
949 1 764 549
950 0 773 557
950 1 764 549
951 0 773 557
951 1 764 549
952 0 773 557
952 1 764 549
953 0 773 557
953 1 764 549
954 0 773 557
954 1 764 549
955 0 773 557
955 1 764 549
956 0 773 557
956 1 764 549
957 0 773 557
957 1 764 549
958 0 773 557
958 1 763 549
959 0 773 557
959 1 762 549
960 0 773 557
960 1 763 549
961 0 773 557
961 1 762 549
962 0 773 557
962 1 763 549
963 0 773 557
963 1 762 549
964 0 773 557
964 1 762 549
965 0 773 557
965 1 762 549
966 0 773 557
966 1 762 549
967 0 773 557
967 1 762 549
968 0 773 557
968 1 762 549
969 0 773 557
969 1 762 549
970 0 773 557
970 1 762 549
971 0 773 557
971 1 762 549
972 0 773 557
972 1 762 549
973 0 773 557
973 1 762 549
974 0 773 557
974 1 762 549
975 0 772 557
975 1 762 549
976 0 773 557
976 1 762 549
977 0 772 557
977 1 762 549
978 0 773 557
978 1 762 549
979 0 772 557
979 1 762 549
980 0 773 557
980 1 762 549
981 0 772 557
981 1 762 549
982 0 773 557
982 1 762 549
983 0 772 557
983 1 762 549
984 0 773 557
984 1 762 549
985 0 772 557
985 1 762 549
986 0 773 557
986 1 762 549
987 0 772 557
987 1 762 549
988 0 773 557
988 1 762 549
989 0 772 557
989 1 762 548
990 0 773 557
990 1 762 549
991 0 772 557
991 1 762 548
992 0 773 557
992 1 762 549
993 0 772 557
993 1 762 548
994 0 773 557
994 1 761 548
995 0 773 557
995 1 760 548
996 0 773 557
996 1 761 548
997 0 773 556
997 1 760 548
998 0 773 557
998 1 760 547
999 0 773 556
999 1 760 546
1000 0 773 556
1000 1 760 547
1001 0 773 555
1001 1 760 546
1002 0 773 554
1002 1 760 547
1003 0 773 553
1003 1 760 546
1004 0 773 552
1004 1 760 547
1005 0 772 551
1005 1 761 547
1006 0 773 549
1006 1 761 547
1007 0 772 548
1007 1 761 548
1008 0 771 547
1008 1 761 549
1009 0 770 545
1009 1 762 549
1010 0 770 544
1010 1 763 549
1011 0 769 544
1011 1 763 550
1012 0 767 543
1012 1 763 551
1013 0 766 542
1013 1 763 551
1014 0 765 541
1014 1 764 552
1015 0 764 540
1015 1 765 553
1016 0 763 540
1016 1 765 553
1017 0 760 539
1017 1 765 553
1018 0 760 538
1018 1 766 554
1019 0 759 538
1019 1 767 555
1020 0 757 538
1020 1 766 555
1021 0 756 537
1021 1 767 555
1022 0 757 536
1022 1 766 555
1023 0 756 536
1023 1 767 555
1024 0 756 535
1024 1 766 555
1025 0 756 533
1025 1 767 555
1026 0 756 532
1026 1 766 555
1027 0 755 531
1027 1 767 555
1028 0 754 529
1028 1 766 555
1029 0 755 528
1029 1 767 555
1030 0 754 527
1030 1 766 555
1031 0 755 525
1031 1 767 555
1032 0 755 523
1032 1 766 555
1033 0 755 521
1033 1 767 555
1034 0 755 519
1034 1 766 555
1035 0 755 518
1035 1 767 556
1036 0 755 517
1036 1 766 557
1037 0 755 515
1037 1 767 556
1038 0 755 513
1038 1 766 558
1039 0 756 512
1039 1 767 559
1040 0 757 510
1040 1 767 559
1041 0 756 509
1041 1 767 559
1042 0 758 507
1042 1 767 560
1043 0 758 506
1043 1 767 562
1044 0 758 506
1044 1 767 563
1045 0 757 505
1045 1 767 563
1046 0 757 503
1046 1 767 564
1047 0 757 503
1047 1 768 566
1048 0 757 502
1048 1 769 566
1049 0 758 501
1049 1 768 567
1050 0 760 500
1050 1 769 567
1051 0 761 499
1051 1 768 567
1052 0 760 497
1052 1 769 567
1053 0 762 495
1053 1 768 567
1054 0 763 494
1054 1 769 567
1055 0 763 493
1055 1 768 567
1056 0 763 492
1056 1 769 567
1057 0 763 492
1057 1 768 567
1058 0 763 492
1058 1 769 567
1059 0 764 491
1059 1 768 567
1060 0 765 489
1060 1 769 567
1061 0 765 489
1061 1 768 567
1062 0 766 488
1062 1 769 567
1063 0 768 488
1063 1 768 567
1064 0 770 488
1064 1 769 567
1065 0 771 488
1065 1 768 567
1066 0 772 488
1066 1 769 567
1067 0 774 488
1067 1 769 567
1068 0 776 488
1068 1 769 567
1069 0 778 487
1069 1 770 567
1070 0 779 486
1070 1 771 567
1071 0 779 486
1071 1 771 567
1072 0 780 486
1072 1 772 567
1073 0 781 485
1073 1 773 567
1074 0 781 483
1074 1 774 567
1075 0 781 481
1075 1 775 567
1076 0 781 479
1076 1 775 566
1077 0 781 477
1077 1 776 566
1078 0 782 475
1078 1 777 566
1079 0 783 474
1079 1 777 566
1080 0 783 472
1080 1 778 565
1081 0 783 471
1081 1 779 564
1082 0 784 469
1082 1 778 565
1083 0 786 467
1083 1 779 564
1084 0 787 467
1084 1 779 564
1085 0 787 466
1085 1 780 564
1086 0 788 466
1086 1 781 564
1087 0 790 466
1087 1 780 564
1088 0 791 466
1088 1 781 564
1089 0 792 466
1089 1 781 564
1090 0 794 466
1090 1 781 564
1091 0 796 466
1091 1 781 564
1092 0 798 467
1092 1 781 565
1093 0 799 467
1093 1 782 564
1094 0 800 468
1094 1 783 565
1095 0 802 469
1095 1 784 566
1096 0 803 470
1096 1 786 567
1097 0 804 472
1097 1 786 567
1098 0 805 473
1098 1 787 568
1099 0 805 474
1099 1 787 569
1100 0 805 476
1100 1 787 569
1101 0 805 477
1101 1 788 569
1102 0 805 478
1102 1 789 570
1103 0 806 480
1103 1 789 571
1104 0 807 482
1104 1 789 571
1105 0 808 484
1105 1 789 571
1106 0 810 486
1106 1 789 572
1107 0 811 488
1107 1 790 573
1108 0 812 489
1108 1 791 573
1109 0 814 489
1109 1 790 573
1110 0 816 491
1110 1 791 573
1111 0 818 492
1111 1 790 573
1112 0 820 493
1112 1 791 573
1113 0 821 493
1113 1 790 573
1114 0 822 493
1114 1 791 573
1115 0 824 494
1115 1 790 573
1116 0 826 494
1116 1 791 574
1117 0 828 494
1117 1 790 575
1118 0 830 494
1118 1 790 575
1119 0 832 494
1119 1 790 575
1120 0 835 494
1120 1 790 575
1121 0 836 495
1121 1 790 575
1122 0 839 495
1122 1 789 576
1123 0 840 495
1123 1 789 577
1124 0 843 496
1124 1 789 577
1125 0 844 498
1125 1 789 578
1126 0 847 499
1126 1 788 580
1127 0 848 499
1127 1 789 581
1128 0 850 500
1128 1 788 582
1129 0 852 502
1129 1 788 583
1130 0 853 503
1130 1 788 583
1131 0 854 504
1131 1 787 583
1132 0 855 506
1132 1 786 584
1133 0 854 507
1133 1 787 585
1134 0 854 507
1134 1 786 585
1135 0 854 509
1135 1 787 585
1136 0 854 510
1136 1 786 585
1137 0 854 512
1137 1 787 585
1138 0 854 513
1138 1 786 585
1139 0 854 513
1139 1 787 585
1140 0 854 515
1140 1 786 585
1141 0 854 517
1141 1 787 585
1142 0 855 519
1142 1 786 585
1143 0 854 521
1143 1 787 585
1144 0 855 523
1144 1 786 585
1145 0 854 525
1145 1 786 585
1146 0 856 527
1146 1 786 585
1147 0 856 529
1147 1 786 585
1148 0 856 531
1148 1 786 585
1149 0 857 533
1149 1 786 585
1150 0 857 536
1150 1 786 585
1151 0 858 539
1151 1 786 586
1152 0 860 540
1152 1 786 586
1153 0 861 542
1153 1 786 587
1154 0 861 544
1154 1 786 587
1155 0 861 546
1155 1 786 587
1156 0 862 548
1156 1 786 587
1157 0 864 550
1157 1 786 587
1158 0 865 552
1158 1 786 587
1159 0 865 554
1159 1 786 588
1160 0 866 556
1160 1 786 589
1161 0 868 557
1161 1 786 589
1162 0 869 558
1162 1 786 589
1163 0 870 560
1163 1 786 589
1164 0 872 562
1164 1 786 589
1165 0 873 563
1165 1 786 589
1166 0 874 564
1166 1 786 590
1167 0 876 566
1167 1 786 591
1168 0 878 567
1168 1 786 590
1169 0 879 568
1169 1 786 591
1170 0 880 570
1170 1 786 591
1171 0 883 571
1171 1 786 591
1172 0 884 572
1172 1 786 591
1173 0 886 574
1173 1 786 592
1174 0 888 575
1174 1 785 593
1175 0 890 575
1175 1 784 593
1176 0 891 577
1176 1 785 593
1177 0 892 578
1177 1 784 593
1178 0 895 580
1178 1 785 594
1179 0 896 581
1179 1 784 596
1180 0 898 581
1180 1 784 596
1181 0 899 582
1181 1 784 597
1182 0 900 584
1182 1 784 597
1183 0 902 586
1183 1 783 598
1184 0 903 587
1184 1 782 600
1185 0 904 589
1185 1 782 602
1186 0 906 590
1186 1 781 603
1187 0 907 592
1187 1 780 603
1188 0 907 594
1188 1 780 604
1189 0 908 596
1189 1 780 606
1190 0 909 598
1190 1 779 607
1191 0 909 600
1191 1 778 607
1192 0 909 601
1192 1 778 607
1193 0 910 602
1193 1 778 607
1194 0 911 604
1194 1 778 608
1195 0 910 606
1195 1 777 610
1196 0 911 608
1196 1 775 611
1197 0 911 609
1197 1 774 611
1198 0 911 609
1198 1 775 611
1199 0 912 610
1199 1 774 611
1200 0 914 612
1200 1 774 611
1201 0 916 613
1201 1 774 611
1202 0 917 613
1202 1 774 611
1203 0 918 615
1203 1 774 611
1204 0 920 615
1204 1 774 611
1205 0 922 617
1205 1 774 611
1206 0 924 619
1206 1 774 611
1207 0 926 620
1207 1 774 611
1208 0 928 622
1208 1 774 611
1209 0 930 624
1209 1 774 611
1210 0 932 626
1210 1 774 611
1211 0 933 626
1211 1 774 611
1212 0 934 627
1212 1 774 611
1213 0 937 627
1213 1 774 611
1214 0 938 628
1214 1 773 611
1215 0 941 629
1215 1 772 611
1216 0 942 628
1216 1 773 611
1217 0 945 629
1217 1 772 611
1218 0 947 628
1218 1 773 611
1219 0 949 629
1219 1 772 611
1220 0 951 629
1220 1 773 611
1221 0 953 629
1221 1 772 611
1222 0 955 629
1222 1 773 611
1223 0 957 629
1223 1 772 611
1224 0 960 631
1224 1 773 611
1225 0 962 631
1225 1 772 611
1226 0 965 631
1226 1 772 611
1227 0 966 631
1227 1 772 611
1228 0 969 632
1228 1 772 611
1229 0 970 632
1229 1 772 611
1230 0 973 632
1230 1 772 611
1231 0 975 632
1231 1 772 611
1232 0 977 632
1232 1 772 611
1233 0 979 630
1233 1 772 611
1234 0 980 630
1234 1 772 611
1235 0 983 629
1235 1 772 611
1236 0 985 627
1236 1 772 611
1237 0 986 626
1237 1 772 611
1238 0 988 625
1238 1 772 611
1239 0 990 623
1239 1 771 612
1240 0 992 622
1240 1 769 613
1241 0 993 622
1241 1 769 612
1242 0 994 621
1242 1 768 613
1243 0 996 619
1243 1 768 613
1244 0 998 618
1244 1 767 613
1245 0 999 618
1245 1 766 613
1246 0 1001 616
1246 1 765 613
1247 0 1002 615
1247 1 764 613
1248 0 1004 613
1248 1 764 613
1249 0 1005 611
1249 1 764 613
1250 0 1006 610
1250 1 764 613
1251 0 1008 610
1251 1 764 613
1252 0 1009 608
1252 1 764 613
1253 0 1010 606
1253 1 764 613
1254 0 1012 604
1254 1 764 613
1255 0 1012 602
1255 1 764 613
1256 0 1013 600
1256 1 764 613
1257 0 1013 598
1257 1 764 613
1258 0 1013 596
1258 1 764 613
1259 0 1014 594
1259 1 764 613
1260 0 1015 592
1260 1 764 613
1261 0 1015 590
1261 1 764 613
1262 0 1015 588
1262 1 764 613
1263 0 1015 586
1263 1 764 613
1264 0 1015 582
1264 1 764 613
1265 0 1015 580
1265 1 764 613
1266 0 1014 578
1266 1 764 613
1267 0 1015 576
1267 1 764 613
1268 0 1014 574
1268 1 764 613
1269 0 1014 572
1269 1 764 613
1270 0 1013 570
1270 1 764 613
1271 0 1011 567
1271 1 764 613
1272 0 1010 565
1272 1 764 613
1273 0 1010 563
1273 1 764 613
1274 0 1010 561
1274 1 764 613
1275 0 1009 559
1275 1 764 613
1276 0 1008 557
1276 1 764 613
1277 0 1008 555
1277 1 764 613
1278 0 1008 553
1278 1 764 613
1279 0 1008 550
1279 1 764 613
1280 0 1008 548
1280 1 764 613
1281 0 1008 546
1281 1 764 613
1282 0 1008 544
1282 1 764 613
1283 0 1008 542
1283 1 764 613
1284 0 1008 540
1284 1 764 613
1285 0 1008 538
1285 1 764 613
1286 0 1008 536
1286 1 764 613
1287 0 1007 534
1287 1 764 613
1288 0 1006 532
1288 1 764 613
1289 0 1007 530
1289 1 764 613
1290 0 1005 528
1290 1 764 613
1291 0 1005 526
1291 1 764 613
1292 0 1005 524
1292 1 764 613
1293 0 1004 522
1293 1 764 613
1294 0 1004 520
1294 1 764 613
1295 0 1003 518
1295 1 764 613
1296 0 1002 516
1296 1 764 613
1297 0 1001 514
1297 1 764 613
1298 0 999 512
1298 1 764 613
1299 0 998 510
1299 1 764 613
1300 0 998 508
1300 1 764 613
1301 0 997 506
1301 1 764 613
1302 0 995 505
1302 1 764 613
1303 0 994 502
1303 1 764 613
1304 0 994 501
1304 1 764 613
1305 0 992 499
1305 1 764 613
1306 0 990 497
1306 1 763 613
1307 0 989 495
1307 1 762 613
1308 0 987 495
1308 1 762 614
1309 0 985 493
1309 1 762 615
1310 0 984 491
1310 1 762 614
1311 0 984 490
1311 1 762 615
1312 0 982 489
1312 1 761 615
1313 0 981 487
1313 1 760 615
1314 0 980 484
1314 1 761 615
1315 0 980 482
1315 1 760 615
1316 0 979 480
1316 1 760 616
1317 0 978 478
1317 1 759 617
1318 0 978 476
1318 1 758 617
1319 0 977 474
1319 1 758 618
1320 0 976 472
1320 1 758 619
1321 0 976 469
1321 1 758 619
1322 0 976 467
1322 1 758 619
1323 0 975 466
1323 1 756 620
1324 0 974 466
1324 1 756 621
1325 0 975 464
1325 1 755 621
1326 0 974 462
1326 1 754 622
1327 0 975 460
1327 1 754 623
1328 0 975 458
1328 1 753 623
1329 0 975 457
1329 1 752 625
1330 0 975 455
1330 1 752 626
1331 0 976 452
1331 1 752 627
1332 0 977 451
1332 1 752 627
1333 0 977 448
1333 1 751 628
1334 0 977 447
1334 1 750 629
1335 0 977 445
1335 1 751 629
1336 0 977 443
1336 1 750 629
1337 0 977 441
1337 1 751 630
1338 0 977 439
1338 1 750 632
1339 0 976 437
1339 1 750 633
1340 0 977 435
1340 1 750 633
1341 0 976 433
1341 1 751 634
1342 0 976 431
1342 1 751 636
1343 0 976 429
1343 1 751 637
1344 0 976 427
1344 1 751 637
1345 0 976 425
1345 1 751 637
1346 0 975 423
1346 1 751 637
1347 0 974 421
1347 1 751 637
1348 0 976 419
1348 1 752 638
1349 0 976 417
1349 1 753 639
1350 0 976 415
1350 1 752 638
1351 0 976 413
1351 1 753 639
1352 0 977 411
1352 1 752 638
1353 0 976 409
1353 1 753 639
1354 0 977 408
1354 1 752 638
1355 0 977 407
1355 1 753 639
1356 0 978 405
1356 1 752 638
1357 0 980 403
1357 1 752 637
1358 0 981 402
1358 1 752 636
1359 0 981 401
1359 1 752 637
1360 0 982 399
1360 1 752 636
1361 0 984 397
1361 1 753 637
1362 0 985 396
1362 1 753 636
1363 0 985 396
1363 1 753 637
1364 0 987 394
1364 1 754 637
1365 0 988 392
1365 1 755 636
1366 0 990 391
1366 1 755 636
1367 0 992 389
1367 1 756 636
1368 0 993 387
1368 1 758 636
1369 0 994 385
1369 1 760 636
1370 0 996 384
1370 1 761 635
1371 0 998 384
1371 1 762 634
1372 0 1000 382
1372 1 764 634
1373 0 1001 381
1373 1 765 634
1374 0 1002 379
1374 1 766 633
1375 0 1005 378
1375 1 767 633
1376 0 1006 378
1376 1 767 633
1377 0 1009 376
1377 1 768 633
1378 0 1011 376
1378 1 769 633
1379 0 1013 375
1379 1 769 633
1380 0 1015 373
1380 1 771 633
1381 0 1015 373
1381 1 771 633
1382 0 1015 373
1382 1 772 633
1383 0 1015 373
1383 1 773 633
1384 0 1015 373
1384 1 772 633
1385 0 1015 373
1385 1 772 633
1386 0 1015 373
1386 1 771 633
1387 0 1015 373
1387 1 769 633
1388 0 1015 373
1388 1 769 633
1389 0 1015 373
1389 1 769 632
1390 0 1015 373
1390 1 769 633
1391 0 1015 373
1391 1 769 632
1392 0 1015 373
1392 1 769 632
1393 0 1015 373
1393 1 769 631
1394 0 1015 373
1394 1 769 630
1395 0 1015 373
1395 1 769 630
1396 0 1015 373
1396 1 769 630
1397 0 1015 373
1397 1 769 629
1398 0 1015 373
1398 1 769 628
1399 0 1015 373
1399 1 769 627
1400 0 1015 373
1400 1 768 625
1401 0 1015 373
1401 1 768 623
1402 0 1015 373
1402 1 768 622
1403 0 1015 373
1403 1 768 621
1404 0 1015 373
1404 1 767 619
1405 0 1015 373
1405 1 766 618
1406 0 1015 373
1406 1 766 618
1407 0 1016 373
1407 1 766 617
1408 0 1018 373
1408 1 766 616
1409 0 1018 373
1409 1 766 616
1410 0 1019 372
1410 1 766 615
1411 0 1019 373
1411 1 766 613
1412 0 1020 372
1412 1 766 612
1413 0 1022 373
1413 1 766 611
1414 0 1023 373
1414 1 767 609
1415 0 1023 373
1415 1 766 607
1416 0 1024 373
1416 1 768 605
1417 0 1025 373
1417 1 768 603
1418 0 1024 373
1418 1 769 602
1419 0 1025 373
1419 1 769 601
1420 0 1025 372
1420 1 769 599
1421 0 1026 373
1421 1 770 597
1422 0 1027 372
1422 1 772 596
1423 0 1027 372
1423 1 772 595
1424 0 1027 372
1424 1 773 593
1425 0 1028 372
1425 1 773 592
1426 0 1028 372
1426 1 774 592
