FRAME   ID  X   Y (0 is Leader, 1 is Follower)
8610 0 588 657
8610 1 580 641
8611 0 588 657
8611 1 580 641
8612 0 588 657
8612 1 579 642
8613 0 588 657
8613 1 579 642
8614 0 589 657
8614 1 579 642
8615 0 589 657
8615 1 578 643
8616 0 590 658
8616 1 578 643
8617 0 590 658
8617 1 578 643
8618 0 590 658
8618 1 578 643
8619 0 590 658
8619 1 578 643
8620 0 590 658
8620 1 578 643
8621 0 591 658
8621 1 578 644
8622 0 591 658
8622 1 578 645
8623 0 591 658
8623 1 578 645
8624 0 591 658
8624 1 578 645
8625 0 592 659
8625 1 578 646
8626 0 593 659
8626 1 579 646
8627 0 593 659
8627 1 580 647
8628 0 594 660
8628 1 581 648
8629 0 595 661
8629 1 582 648
8630 0 595 662
8630 1 584 648
8631 0 595 662
8631 1 585 648
8632 0 595 663
8632 1 586 648
8633 0 596 663
8633 1 588 648
8634 0 596 664
8634 1 589 648
8635 0 596 664
8635 1 589 648
8636 0 596 664
8636 1 589 648
8637 0 596 664
8637 1 589 648
8638 0 596 664
8638 1 590 647
8639 0 596 664
8639 1 590 646
8640 0 596 665
8640 1 590 645
8641 0 596 665
8641 1 590 645
8642 0 596 665
8642 1 590 643
8643 0 596 665
8643 1 590 642
8644 0 596 665
8644 1 590 641
8645 0 596 666
8645 1 589 640
8646 0 595 666
8646 1 589 640
8647 0 595 666
8647 1 589 639
8648 0 595 667
8648 1 588 639
8649 0 595 668
8649 1 588 639
8650 0 595 668
8650 1 588 639
8651 0 595 668
8651 1 587 639
8652 0 595 668
8652 1 586 639
8653 0 595 669
8653 1 586 639
8654 0 595 669
8654 1 585 639
8655 0 595 669
8655 1 585 639
8656 0 596 668
8656 1 584 639
8657 0 596 668
8657 1 584 639
8658 0 597 668
8658 1 583 639
8659 0 598 668
8659 1 582 639
8660 0 598 668
8660 1 581 639
8661 0 598 668
8661 1 580 639
8662 0 598 668
8662 1 579 639
8663 0 598 668
8663 1 578 639
8664 0 598 668
8664 1 577 637
8665 0 598 668
8665 1 576 637
8666 0 598 668
8666 1 576 637
8667 0 598 667
8667 1 576 636
8668 0 599 667
8668 1 576 636
8669 0 599 666
8669 1 576 635
8670 0 600 665
8670 1 575 635
8671 0 600 664
8671 1 575 635
8672 0 601 663
8672 1 576 635
8673 0 601 662
8673 1 576 634
8674 0 601 661
8674 1 576 634
8675 0 601 660
8675 1 577 633
8676 0 602 659
8676 1 578 632
8677 0 602 658
8677 1 578 632
8678 0 602 658
8678 1 579 632
8679 0 602 657
8679 1 580 632
8680 0 602 656
8680 1 581 632
8681 0 602 655
8681 1 581 632
8682 0 602 654
8682 1 582 633
8683 0 602 654
8683 1 583 633
8684 0 602 654
8684 1 584 634
8685 0 602 653
8685 1 584 635
8686 0 602 653
8686 1 585 636
8687 0 602 653
8687 1 586 637
8688 0 602 653
8688 1 586 638
8689 0 602 653
8689 1 587 640
8690 0 602 653
8690 1 588 641
8691 0 602 653
8691 1 589 642
8692 0 602 653
8692 1 589 643
8693 0 602 653
8693 1 590 644
8694 0 602 653
8694 1 590 645
8695 0 603 653
8695 1 591 646
8696 0 603 653
8696 1 591 646
8697 0 603 654
8697 1 591 646
8698 0 603 655
8698 1 591 646
8699 0 603 655
8699 1 592 646
8700 0 603 657
8700 1 592 647
8701 0 603 659
8701 1 592 647
8702 0 603 661
8702 1 592 647
8703 0 603 662
8703 1 593 648
8704 0 603 663
8704 1 594 649
8705 0 602 663
8705 1 594 650
8706 0 602 665
8706 1 595 650
8707 0 601 666
8707 1 595 651
8708 0 600 667
8708 1 595 651
8709 0 600 668
8709 1 595 651
8710 0 600 669
8710 1 596 651
8711 0 600 671
8711 1 596 651
8712 0 599 672
8712 1 596 652
8713 0 599 673
8713 1 596 652
8714 0 599 673
8714 1 596 653
8715 0 599 674
8715 1 596 654
8716 0 599 674
8716 1 596 654
8717 0 599 674
8717 1 596 655
8718 0 599 674
8718 1 596 655
8719 0 598 676
8719 1 596 655
8720 0 598 677
8720 1 595 657
8721 0 598 678
8721 1 595 658
8722 0 598 679
8722 1 595 658
8723 0 598 679
8723 1 594 659
8724 0 598 680
8724 1 594 660
8725 0 598 680
8725 1 594 660
8726 0 598 680
8726 1 593 661
8727 0 598 680
8727 1 593 663
8728 0 598 680
8728 1 593 664
8729 0 598 680
8729 1 593 665
8730 0 598 680
8730 1 593 665
8731 0 598 680
8731 1 593 665
8732 0 598 680
8732 1 593 665
8733 0 598 681
8733 1 594 666
8734 0 598 682
8734 1 595 667
8735 0 598 683
8735 1 596 668
8736 0 597 684
8736 1 597 668
8737 0 597 685
8737 1 598 669
8738 0 597 686
8738 1 597 668
8739 0 597 687
8739 1 597 668
8740 0 597 687
8740 1 597 668
8741 0 597 687
8741 1 597 668
8742 0 597 687
8742 1 597 668
8743 0 597 687
8743 1 597 667
8744 0 597 687
8744 1 597 667
8745 0 597 687
8745 1 597 667
8746 0 597 687
8746 1 597 668
8747 0 597 687
8747 1 597 668
8748 0 597 687
8748 1 597 668
8749 0 597 687
8749 1 597 669
8750 0 597 687
8750 1 597 669
8751 0 597 687
8751 1 597 670
8752 0 597 687
8752 1 597 670
8753 0 597 688
8753 1 598 671
8754 0 597 689
8754 1 597 671
8755 0 596 689
8755 1 597 671
8756 0 596 690
8756 1 598 672
8757 0 596 691
8757 1 598 672
8758 0 596 691
8758 1 598 673
8759 0 596 692
8759 1 598 673
8760 0 595 693
8760 1 597 674
8761 0 595 694
8761 1 597 674
8762 0 595 694
8762 1 597 674
8763 0 594 695
8763 1 597 674
8764 0 594 695
8764 1 596 675
8765 0 594 695
8765 1 595 675
8766 0 594 695
8766 1 594 676
8767 0 594 695
8767 1 593 677
8768 0 594 695
8768 1 592 677
8769 0 594 695
8769 1 590 679
8770 0 594 695
8770 1 590 679
8771 0 594 695
8771 1 589 680
8772 0 594 695
8772 1 589 680
8773 0 594 695
8773 1 589 680
8774 0 594 695
8774 1 589 680
8775 0 594 695
8775 1 589 680
8776 0 594 695
8776 1 589 680
8777 0 594 695
8777 1 589 680
8778 0 594 695
8778 1 589 680
8779 0 594 695
8779 1 589 680
8780 0 594 695
8780 1 588 680
8781 0 594 695
8781 1 588 680
8782 0 594 695
8782 1 588 680
8783 0 594 695
8783 1 588 680
8784 0 594 695
8784 1 588 680
8785 0 594 695
8785 1 588 680
8786 0 594 694
8786 1 588 680
8787 0 594 694
8787 1 588 680
8788 0 594 693
8788 1 588 680
8789 0 594 692
8789 1 588 680
8790 0 593 691
8790 1 588 680
8791 0 593 690
8791 1 588 680
8792 0 593 690
8792 1 588 681
8793 0 593 689
8793 1 588 681
8794 0 592 688
8794 1 589 681
8795 0 593 688
8795 1 589 681
8796 0 593 687
8796 1 590 680
8797 0 593 687
8797 1 591 680
8798 0 593 687
8798 1 591 680
8799 0 593 687
8799 1 592 680
8800 0 594 687
8800 1 592 680
8801 0 593 687
8801 1 593 680
8802 0 592 686
8802 1 594 680
8803 0 592 685
8803 1 595 681
8804 0 591 683
8804 1 596 681
8805 0 590 682
8805 1 597 682
8806 0 589 681
8806 1 597 682
8807 0 589 680
8807 1 597 682
8808 0 588 679
8808 1 596 682
8809 0 588 679
8809 1 596 682
8810 0 588 679
8810 1 596 682
8811 0 588 679
8811 1 596 682
8812 0 588 679
8812 1 596 682
8813 0 588 679
8813 1 596 682
8814 0 587 678
8814 1 596 682
8815 0 587 678
8815 1 596 682
8816 0 587 678
8816 1 596 682
8817 0 587 678
8817 1 596 682
8818 0 587 678
8818 1 596 682
8819 0 587 677
8819 1 596 682
8820 0 586 676
8820 1 597 682
8821 0 586 676
8821 1 597 682
8822 0 586 676
8822 1 597 683
8823 0 586 676
8823 1 597 683
8824 0 586 676
8824 1 597 683
8825 0 585 675
8825 1 597 683
8826 0 585 675
8826 1 597 684
8827 0 585 675
8827 1 597 684
8828 0 585 675
8828 1 597 684
8829 0 585 675
8829 1 597 684
8830 0 585 675
8830 1 597 684
8831 0 585 675
8831 1 597 684
8832 0 585 675
8832 1 597 684
8833 0 585 675
8833 1 597 684
8834 0 585 675
8834 1 597 684
8835 0 585 675
8835 1 597 685
8836 0 585 674
8836 1 597 685
8837 0 585 674
8837 1 596 686
8838 0 585 674
8838 1 596 686
8839 0 585 673
8839 1 596 686
8840 0 585 673
8840 1 596 686
8841 0 585 673
8841 1 595 687
8842 0 585 673
8842 1 595 687
8843 0 585 673
8843 1 595 687
8844 0 585 672
8844 1 594 688
8845 0 585 672
8845 1 594 688
8846 0 585 672
8846 1 594 688
8847 0 585 672
8847 1 594 689
8848 0 585 672
8848 1 594 689
8849 0 585 672
8849 1 594 690
8850 0 585 672
8850 1 594 690
8851 0 585 672
8851 1 594 690
8852 0 585 672
8852 1 595 691
8853 0 585 672
8853 1 595 691
8854 0 585 672
8854 1 595 691
8855 0 585 672
8855 1 595 691
8856 0 585 672
8856 1 595 691
8857 0 585 672
8857 1 595 691
8858 0 585 672
8858 1 595 691
8859 0 585 672
8859 1 595 691
8860 0 585 672
8860 1 595 691
8861 0 585 672
8861 1 595 691
8862 0 585 672
8862 1 594 691
8863 0 585 671
8863 1 594 691
8864 0 585 671
8864 1 594 691
8865 0 586 670
8865 1 594 691
8866 0 586 670
8866 1 594 691
8867 0 586 670
8867 1 594 691
8868 0 586 670
8868 1 594 691
8869 0 586 670
8869 1 595 691
8870 0 586 670
8870 1 595 691
8871 0 586 670
8871 1 595 691
8872 0 586 670
8872 1 595 691
8873 0 586 670
8873 1 595 691
8874 0 586 670
8874 1 595 691
8875 0 586 670
8875 1 595 691
8876 0 586 670
8876 1 595 691
8877 0 586 670
8877 1 595 691
8878 0 586 669
8878 1 595 691
8879 0 586 669
8879 1 595 691
8880 0 586 669
8880 1 596 691
8881 0 586 669
8881 1 596 692
8882 0 586 669
8882 1 596 693
8883 0 586 669
8883 1 596 693
8884 0 586 669
8884 1 596 693
8885 0 586 669
8885 1 596 694
8886 0 586 669
8886 1 596 694
8887 0 586 669
8887 1 596 695
8888 0 586 669
8888 1 595 695
8889 0 586 669
8889 1 594 696
8890 0 586 669
8890 1 593 697
8891 0 586 669
8891 1 592 698
8892 0 586 669
8892 1 591 699
8893 0 586 669
8893 1 590 700
8894 0 586 669
8894 1 589 701
8895 0 586 669
8895 1 588 702
8896 0 586 669
8896 1 588 703
8897 0 586 669
8897 1 587 703
8898 0 586 669
8898 1 586 704
8899 0 586 669
8899 1 586 705
8900 0 586 669
8900 1 585 706
8901 0 586 669
8901 1 584 707
8902 0 586 669
8902 1 583 708
8903 0 586 669
8903 1 582 708
8904 0 586 669
8904 1 580 708
8905 0 586 669
8905 1 579 708
8906 0 586 669
8906 1 578 708
8907 0 586 669
8907 1 576 709
8908 0 586 669
8908 1 575 709
8909 0 586 669
8909 1 574 709
8910 0 586 669
8910 1 573 709
8911 0 586 669
8911 1 572 709
8912 0 586 669
8912 1 571 709
8913 0 586 669
8913 1 570 710
8914 0 586 669
8914 1 569 710
8915 0 586 669
8915 1 568 710
8916 0 586 669
8916 1 568 710
8917 0 586 669
8917 1 566 711
8918 0 586 669
8918 1 565 711
8919 0 586 669
8919 1 564 711
8920 0 586 669
8920 1 563 711
8921 0 586 669
8921 1 562 711
8922 0 586 669
8922 1 561 712
8923 0 586 669
8923 1 560 712
8924 0 586 669
8924 1 559 711
8925 0 586 669
8925 1 558 711
8926 0 586 669
8926 1 557 711
8927 0 586 669
8927 1 556 711
8928 0 586 669
8928 1 556 710
8929 0 586 669
8929 1 556 710
8930 0 586 669
8930 1 555 709
8931 0 586 669
8931 1 555 709
8932 0 586 669
8932 1 555 709
8933 0 586 669
8933 1 555 708
8934 0 586 669
8934 1 555 707
8935 0 586 669
8935 1 555 706
8936 0 586 669
8936 1 554 705
8937 0 586 669
8937 1 553 704
8938 0 586 669
8938 1 553 703
8939 0 586 669
8939 1 552 701
8940 0 586 669
8940 1 551 700
8941 0 586 669
8941 1 550 700
8942 0 586 669
8942 1 549 699
8943 0 586 669
8943 1 547 699
8944 0 586 669
8944 1 546 698
8945 0 586 669
8945 1 544 698
8946 0 586 669
8946 1 543 698
8947 0 586 669
8947 1 541 698
8948 0 586 669
8948 1 540 697
8949 0 586 669
8949 1 539 697
8950 0 586 669
8950 1 539 697
8951 0 586 669
8951 1 538 697
8952 0 586 669
8952 1 538 697
8953 0 586 669
8953 1 538 697
8954 0 586 669
8954 1 538 696
8955 0 586 669
8955 1 537 696
8956 0 586 669
8956 1 537 695
8957 0 586 669
8957 1 537 695
8958 0 586 669
8958 1 537 694
8959 0 586 669
8959 1 537 693
8960 0 586 669
8960 1 537 693
8961 0 586 669
8961 1 537 692
8962 0 586 669
8962 1 537 691
8963 0 586 669
8963 1 538 690
8964 0 586 669
8964 1 538 689
8965 0 586 669
8965 1 539 687
8966 0 586 669
8966 1 539 687
8967 0 586 669
8967 1 539 686
8968 0 586 669
8968 1 540 684
8969 0 586 669
8969 1 541 683
8970 0 586 669
8970 1 542 682
8971 0 586 669
8971 1 543 681
8972 0 586 669
8972 1 545 679
8973 0 586 669
8973 1 546 678
8974 0 586 669
8974 1 548 677
8975 0 586 669
8975 1 549 677
8976 0 586 669
8976 1 550 676
8977 0 586 669
8977 1 552 675
8978 0 586 669
8978 1 553 675
8979 0 586 669
8979 1 555 675
8980 0 586 669
8980 1 557 674
8981 0 586 669
8981 1 559 673
8982 0 586 669
8982 1 561 673
8983 0 586 669
8983 1 562 673
8984 0 586 669
8984 1 564 673
8985 0 586 669
8985 1 565 673
8986 0 586 669
8986 1 566 673
8987 0 586 669
8987 1 567 673
8988 0 586 669
8988 1 569 673
8989 0 586 669
8989 1 569 673
8990 0 586 669
8990 1 570 673
8991 0 586 669
8991 1 571 674
8992 0 586 669
8992 1 571 674
8993 0 586 669
8993 1 572 674
8994 0 586 669
8994 1 573 674
8995 0 586 669
8995 1 574 674
8996 0 586 669
8996 1 574 674
8997 0 586 669
8997 1 574 674
8998 0 586 669
8998 1 574 674
8999 0 587 669
8999 1 574 674
9000 0 587 668
9000 1 574 674
9001 0 588 667
9001 1 575 673
9002 0 589 667
9002 1 575 673
9003 0 590 666
9003 1 576 672
9004 0 591 665
9004 1 576 672
9005 0 592 665
9005 1 577 671
9006 0 593 664
9006 1 577 671
9007 0 594 664
9007 1 578 671
9008 0 594 663
9008 1 579 670
9009 0 595 663
9009 1 580 670
9010 0 595 662
9010 1 581 670
9011 0 595 662
9011 1 582 669
9012 0 595 662
9012 1 583 668
9013 0 595 662
9013 1 584 668
9014 0 595 661
9014 1 584 668
9015 0 596 660
9015 1 584 668
9016 0 596 659
9016 1 584 668
9017 0 596 658
9017 1 584 667
9018 0 596 657
9018 1 585 667
9019 0 596 655
9019 1 585 667
9020 0 596 653
9020 1 586 666
9021 0 596 652
9021 1 588 665
9022 0 596 651
9022 1 588 665
9023 0 596 650
9023 1 589 664
9024 0 596 650
9024 1 590 664
9025 0 596 649
9025 1 591 664
9026 0 596 648
9026 1 591 664
9027 0 596 647
9027 1 592 663
9028 0 596 647
9028 1 592 663
9029 0 596 647
9029 1 593 663
9030 0 596 647
9030 1 593 663
9031 0 596 646
9031 1 594 662
9032 0 596 646
9032 1 594 662
9033 0 596 646
9033 1 595 661
9034 0 596 646
9034 1 595 661
9035 0 596 646
9035 1 595 660
9036 0 596 646
9036 1 595 660
9037 0 596 646
9037 1 595 659
9038 0 596 646
9038 1 595 659
9039 0 596 646
9039 1 595 659
9040 0 596 646
9040 1 595 659
9041 0 596 646
9041 1 594 658
9042 0 596 646
9042 1 594 657
9043 0 596 646
9043 1 594 657
9044 0 596 646
9044 1 593 656
9045 0 596 646
9045 1 593 656
9046 0 596 645
9046 1 592 655
9047 0 596 645
9047 1 592 654
9048 0 596 644
9048 1 592 654
9049 0 596 644
9049 1 592 654
9050 0 596 644
9050 1 592 654
9051 0 596 643
9051 1 592 653
9052 0 596 642
9052 1 592 653
9053 0 596 641
9053 1 592 652
9054 0 596 639
9054 1 592 652
9055 0 596 638
9055 1 592 652
9056 0 596 637
9056 1 592 651
9057 0 596 635
9057 1 592 651
9058 0 596 635
9058 1 592 651
9059 0 596 635
9059 1 592 650
9060 0 596 634
9060 1 592 650
9061 0 596 634
9061 1 593 649
9062 0 597 633
9062 1 593 648
9063 0 597 632
9063 1 593 647
9064 0 597 632
9064 1 594 646
9065 0 597 631
9065 1 594 645
9066 0 597 631
9066 1 595 644
9067 0 597 631
9067 1 595 642
9068 0 597 631
9068 1 595 642
9069 0 597 630
9069 1 595 642
9070 0 597 630
9070 1 595 641
9071 0 597 630
9071 1 595 640
9072 0 598 628
9072 1 595 640
9073 0 599 627
9073 1 595 639
9074 0 600 627
9074 1 594 638
9075 0 600 627
9075 1 594 638
9076 0 600 626
9076 1 594 638
9077 0 600 626
9077 1 594 637
9078 0 600 626
9078 1 594 637
9079 0 601 625
9079 1 593 636
9080 0 601 625
9080 1 593 636
9081 0 601 625
9081 1 593 636
9082 0 601 625
9082 1 593 635
9083 0 601 625
9083 1 593 634
9084 0 601 625
9084 1 593 633
9085 0 601 625
9085 1 593 633
9086 0 601 625
9086 1 593 633
9087 0 601 625
9087 1 593 632
9088 0 601 624
9088 1 593 631
9089 0 601 624
9089 1 594 631
9090 0 602 624
9090 1 594 631
9091 0 603 623
9091 1 594 631
9092 0 604 622
9092 1 594 630
9093 0 605 620
9093 1 595 629
9094 0 606 619
9094 1 595 628
9095 0 607 618
9095 1 595 627
9096 0 607 617
9096 1 596 627
9097 0 608 616
9097 1 596 626
9098 0 608 615
9098 1 597 626
9099 0 609 614
9099 1 598 625
9100 0 609 614
9100 1 599 624
9101 0 610 613
9101 1 599 623
9102 0 610 612
9102 1 600 622
9103 0 611 612
9103 1 600 622
9104 0 612 612
9104 1 600 622
9105 0 612 611
9105 1 601 621
9106 0 612 611
9106 1 601 620
9107 0 612 611
9107 1 601 619
9108 0 613 611
9108 1 602 619
9109 0 614 611
9109 1 602 618
9110 0 614 611
9110 1 602 617
9111 0 614 611
9111 1 602 617
9112 0 614 611
9112 1 602 617
9113 0 615 610
9113 1 602 617
9114 0 616 605
9114 1 602 613
9115 0 616 605
9115 1 602 613
9116 0 616 605
9116 1 602 613
9117 0 616 605
9117 1 602 613
9118 0 616 605
9118 1 602 613
9119 0 616 605
9119 1 602 613
9120 0 616 605
9120 1 602 613
9121 0 616 605
9121 1 601 613
9122 0 616 605
9122 1 601 613
9123 0 616 605
9123 1 601 613
9124 0 616 605
9124 1 602 612
9125 0 616 605
9125 1 602 612
9126 0 616 605
9126 1 602 612
9127 0 616 605
9127 1 603 612
9128 0 616 605
9128 1 603 612
9129 0 616 605
9129 1 603 612
9130 0 616 605
9130 1 603 612
9131 0 616 605
9131 1 604 612
9132 0 616 605
9132 1 604 612
9133 0 616 604
9133 1 605 612
9134 0 616 604
9134 1 605 612
9135 0 615 604
9135 1 605 611
9136 0 616 603
9136 1 606 611
9137 0 616 602
9137 1 606 611
9138 0 616 601
9138 1 606 611
9139 0 616 600
9139 1 607 611
9140 0 616 598
9140 1 607 611
9141 0 616 597
9141 1 608 610
9142 0 616 596
9142 1 608 610
9143 0 615 594
9143 1 609 609
9144 0 616 594
9144 1 610 608
9145 0 615 593
9145 1 611 607
9146 0 615 593
9146 1 611 606
9147 0 615 593
9147 1 612 605
9148 0 615 592
9148 1 612 604
9149 0 614 591
9149 1 612 603
9150 0 614 591
9150 1 612 603
9151 0 613 589
9151 1 612 603
9152 0 613 588
9152 1 612 603
9153 0 612 587
9153 1 612 603
9154 0 612 586
9154 1 612 602
9155 0 612 585
9155 1 612 602
9156 0 612 585
9156 1 612 602
9157 0 612 585
9157 1 612 601
9158 0 612 585
9158 1 612 600
9159 0 612 585
9159 1 612 599
9160 0 612 585
9160 1 612 598
9161 0 611 584
9161 1 612 598
9162 0 611 583
9162 1 612 598
9163 0 611 583
9163 1 613 597
9164 0 611 583
9164 1 613 597
9165 0 611 583
9165 1 613 597
9166 0 611 583
9166 1 613 597
9167 0 611 583
9167 1 613 597
9168 0 611 583
9168 1 613 597
9169 0 611 583
9169 1 613 597
9170 0 611 583
9170 1 613 597
9171 0 611 583
9171 1 613 597
9172 0 611 583
9172 1 613 597
9173 0 611 583
9173 1 613 597
9174 0 611 583
9174 1 614 597
9175 0 611 583
9175 1 614 598
9176 0 611 583
9176 1 614 598
9177 0 611 583
9177 1 615 599
9178 0 611 583
9178 1 615 599
9179 0 611 583
9179 1 615 600
9180 0 611 583
9180 1 616 601
9181 0 611 583
9181 1 616 601
9182 0 611 583
9182 1 616 602
9183 0 611 583
9183 1 617 603
9184 0 611 583
9184 1 617 603
9185 0 611 583
9185 1 617 603
9186 0 611 583
9186 1 617 603
9187 0 611 583
9187 1 618 604
9188 0 611 583
9188 1 618 604
9189 0 611 583
9189 1 618 604
9190 0 611 583
9190 1 619 604
9191 0 611 583
9191 1 619 604
9192 0 611 583
9192 1 619 604
9193 0 611 583
9193 1 620 603
9194 0 611 583
9194 1 620 603
9195 0 611 582
9195 1 620 603
9196 0 611 582
9196 1 621 602
9197 0 611 582
9197 1 621 602
9198 0 612 582
9198 1 621 602
9199 0 612 581
9199 1 621 601
9200 0 612 581
9200 1 621 601
9201 0 612 581
9201 1 621 601
9202 0 612 581
9202 1 621 601
9203 0 612 581
9203 1 621 601
9204 0 612 581
9204 1 621 600
9205 0 613 581
9205 1 621 600
9206 0 613 580
9206 1 621 600
9207 0 613 580
9207 1 621 601
9208 0 613 580
9208 1 621 601
9209 0 613 580
9209 1 621 601
9210 0 613 580
9210 1 621 600
9211 0 613 580
9211 1 620 600
9212 0 613 580
9212 1 620 600
9213 0 613 580
9213 1 620 600
9214 0 613 580
9214 1 619 601
9215 0 613 580
9215 1 619 601
9216 0 613 580
9216 1 619 601
9217 0 613 580
9217 1 619 601
9218 0 613 580
9218 1 619 601
9219 0 613 580
9219 1 618 601
9220 0 613 580
9220 1 618 602
9221 0 613 580
9221 1 618 602
9222 0 613 580
9222 1 618 602
9223 0 613 580
9223 1 618 602
9224 0 613 580
9224 1 618 603
9225 0 613 580
9225 1 618 603
9226 0 613 580
9226 1 618 603
9227 0 613 580
9227 1 618 604
9228 0 613 580
9228 1 618 604
9229 0 613 580
9229 1 619 604
9230 0 613 580
9230 1 619 604
9231 0 613 580
9231 1 619 604
9232 0 614 580
9232 1 620 605
9233 0 614 580
9233 1 620 605
9234 0 614 580
9234 1 621 605
9235 0 614 580
9235 1 621 605
9236 0 614 580
9236 1 621 605
9237 0 614 580
9237 1 622 604
9238 0 614 580
9238 1 622 604
9239 0 614 580
9239 1 623 603
9240 0 614 580
9240 1 623 603
9241 0 614 580
9241 1 623 603
9242 0 614 580
9242 1 623 602
9243 0 614 580
9243 1 623 601
9244 0 614 580
9244 1 623 601
9245 0 614 580
9245 1 623 599
9246 0 614 580
9246 1 623 598
9247 0 614 580
9247 1 623 597
9248 0 614 580
9248 1 623 595
9249 0 614 580
9249 1 623 595
9250 0 614 580
9250 1 623 594
9251 0 614 580
9251 1 623 593
9252 0 614 580
9252 1 623 591
9253 0 614 580
9253 1 623 591
9254 0 614 580
9254 1 623 591
9255 0 614 580
9255 1 623 591
9256 0 614 580
9256 1 623 591
9257 0 614 580
9257 1 623 591
9258 0 615 580
9258 1 623 591
9259 0 615 580
9259 1 623 591
9260 0 615 580
9260 1 623 591
9261 0 615 580
9261 1 623 591
9262 0 615 580
9262 1 623 591
9263 0 615 580
9263 1 623 591
9264 0 615 580
9264 1 623 591
9265 0 615 580
9265 1 623 591
9266 0 615 580
9266 1 623 590
9267 0 615 580
9267 1 623 590
9268 0 615 580
9268 1 623 590
9269 0 616 580
9269 1 623 590
9270 0 616 580
9270 1 623 590
9271 0 617 580
9271 1 623 590
9272 0 617 580
9272 1 623 590
9273 0 617 580
9273 1 623 589
9274 0 618 580
9274 1 623 589
9275 0 619 579
9275 1 623 589
9276 0 619 579
9276 1 623 589
9277 0 620 579
9277 1 623 589
9278 0 620 579
9278 1 623 589
9279 0 621 578
9279 1 623 589
9280 0 622 578
9280 1 623 589
9281 0 623 578
9281 1 623 589
9282 0 624 578
9282 1 623 589
9283 0 625 578
9283 1 623 589
9284 0 626 578
9284 1 623 589
9285 0 626 578
9285 1 623 589
9286 0 627 578
9286 1 623 588
9287 0 627 578
9287 1 623 588
9288 0 628 578
9288 1 623 587
9289 0 628 578
9289 1 623 587
9290 0 628 578
9290 1 622 586
9291 0 628 578
9291 1 622 586
9292 0 629 578
9292 1 622 586
9293 0 629 578
9293 1 622 586
9294 0 629 578
9294 1 622 585
9295 0 629 578
9295 1 622 585
9296 0 629 578
9296 1 621 585
9297 0 630 578
9297 1 621 584
9298 0 631 578
9298 1 621 583
9299 0 632 578
9299 1 621 583
9300 0 633 578
9300 1 621 583
9301 0 634 578
9301 1 620 583
9302 0 635 578
9302 1 620 582
9303 0 636 578
9303 1 620 581
9304 0 636 578
9304 1 621 580
9305 0 636 578
9305 1 621 580
9306 0 637 578
9306 1 621 580
9307 0 637 578
9307 1 621 580
9308 0 637 578
9308 1 621 580
9309 0 637 578
9309 1 620 580
9310 0 637 578
9310 1 620 580
9311 0 637 578
9311 1 620 580
9312 0 637 578
9312 1 620 580
9313 0 637 578
9313 1 620 580
9314 0 637 578
9314 1 621 580
9315 0 637 578
9315 1 621 579
9316 0 637 578
9316 1 622 579
9317 0 637 578
9317 1 623 579
9318 0 637 578
9318 1 623 579
9319 0 637 578
9319 1 623 578
9320 0 637 578
9320 1 623 578
9321 0 638 578
9321 1 623 578
9322 0 638 578
9322 1 624 577
9323 0 639 578
9323 1 624 577
9324 0 640 579
9324 1 624 577
9325 0 640 579
9325 1 624 577
9326 0 641 580
9326 1 625 577
9327 0 642 581
9327 1 625 577
9328 0 642 581
9328 1 625 577
9329 0 643 582
9329 1 626 577
9330 0 643 582
9330 1 626 576
9331 0 644 583
9331 1 627 576
9332 0 645 584
9332 1 628 577
9333 0 645 584
9333 1 629 577
9334 0 646 585
9334 1 630 577
9335 0 646 585
9335 1 630 577
9336 0 646 585
9336 1 630 577
9337 0 646 585
9337 1 631 577
9338 0 647 586
9338 1 632 577
9339 0 647 587
9339 1 633 577
9340 0 647 587
9340 1 634 577
9341 0 647 587
9341 1 634 577
9342 0 648 588
9342 1 635 578
9343 0 648 588
9343 1 635 578
9344 0 648 588
9344 1 635 577
9345 0 648 588
9345 1 635 577
9346 0 648 588
9346 1 635 577
9347 0 648 588
9347 1 635 577
9348 0 648 588
9348 1 635 577
9349 0 649 589
9349 1 635 577
9350 0 649 589
9350 1 635 577
9351 0 649 589
9351 1 635 578
9352 0 649 589
9352 1 635 578
9353 0 650 590
9353 1 636 578
9354 0 650 590
9354 1 637 579
9355 0 650 590
9355 1 637 579
9356 0 650 590
9356 1 638 580
9357 0 650 591
9357 1 639 581
9358 0 650 591
9358 1 640 582
9359 0 651 592
9359 1 640 582
9360 0 651 592
9360 1 641 582
9361 0 651 593
9361 1 641 582
9362 0 652 594
9362 1 641 582
9363 0 652 595
9363 1 642 583
9364 0 653 596
9364 1 643 583
9365 0 653 597
9365 1 643 584
9366 0 654 598
9366 1 644 585
9367 0 654 598
9367 1 645 586
9368 0 654 598
9368 1 645 587
9369 0 655 599
9369 1 646 587
9370 0 655 599
9370 1 646 588
9371 0 656 600
9371 1 646 588
9372 0 656 601
9372 1 647 588
9373 0 657 602
9373 1 647 588
9374 0 658 603
9374 1 647 588
9375 0 659 605
9375 1 648 589
9376 0 660 606
9376 1 648 590
9377 0 661 607
9377 1 648 590
9378 0 661 607
9378 1 649 590
9379 0 661 607
9379 1 649 591
9380 0 661 607
9380 1 649 592
9381 0 661 607
9381 1 649 592
9382 0 661 607
9382 1 649 593
9383 0 661 607
9383 1 649 594
9384 0 661 607
9384 1 649 595
9385 0 662 608
9385 1 649 596
9386 0 662 608
9386 1 649 597
9387 0 663 609
9387 1 649 597
9388 0 663 609
9388 1 649 597
9389 0 663 609
9389 1 649 597
9390 0 663 609
9390 1 649 598
9391 0 663 609
9391 1 649 598
9392 0 663 609
9392 1 649 599
9393 0 663 609
9393 1 649 600
9394 0 663 609
9394 1 650 600
9395 0 663 609
9395 1 650 600
9396 0 663 609
9396 1 650 600
9397 0 664 609
9397 1 651 601
9398 0 665 610
9398 1 651 601
9399 0 666 610
9399 1 652 601
9400 0 667 611
9400 1 653 601
9401 0 668 612
9401 1 654 601
9402 0 669 612
9402 1 655 601
9403 0 669 613
9403 1 656 602
9404 0 669 613
9404 1 657 602
9405 0 670 613
9405 1 658 602
9406 0 670 613
9406 1 659 602
9407 0 670 614
9407 1 660 602
9408 0 670 614
9408 1 661 603
9409 0 671 615
9409 1 661 603
9410 0 671 615
9410 1 661 603
9411 0 672 616
9411 1 662 603
9412 0 672 617
9412 1 662 603
9413 0 673 618
9413 1 662 603
9414 0 674 619
9414 1 662 603
9415 0 674 620
9415 1 663 603
9416 0 675 621
9416 1 663 604
9417 0 675 621
9417 1 664 604
9418 0 676 622
9418 1 664 604
9419 0 676 623
9419 1 665 606
9420 0 676 623
9420 1 665 606
9421 0 676 623
9421 1 665 608
9422 0 676 623
9422 1 665 609
9423 0 676 623
9423 1 665 610
9424 0 676 623
9424 1 665 610
9425 0 677 624
9425 1 665 611
9426 0 677 624
9426 1 665 612
9427 0 678 624
9427 1 665 613
9428 0 678 625
9428 1 665 614
9429 0 679 625
9429 1 665 614
9430 0 679 625
9430 1 665 615
9431 0 679 625
9431 1 666 616
9432 0 679 625
9432 1 666 616
9433 0 680 626
9433 1 667 616
9434 0 680 626
9434 1 668 617
9435 0 681 627
9435 1 669 617
9436 0 682 628
9436 1 670 617
9437 0 682 629
9437 1 670 617
9438 0 683 630
9438 1 671 617
9439 0 683 631
9439 1 671 617
9440 0 683 631
9440 1 672 618
9441 0 684 632
9441 1 673 618
9442 0 684 632
9442 1 674 619
9443 0 684 633
9443 1 675 619
9444 0 684 633
9444 1 676 620
9445 0 684 633
9445 1 677 622
9446 0 684 632
9446 1 677 622
9447 0 683 631
9447 1 677 623
9448 0 683 631
9448 1 677 623
9449 0 683 631
9449 1 677 623
9450 0 683 631
9450 1 677 623
9451 0 682 630
9451 1 677 623
9452 0 682 630
9452 1 677 623
9453 0 682 631
9453 1 677 623
9454 0 682 631
9454 1 677 623
9455 0 682 631
9455 1 677 623
9456 0 682 631
9456 1 678 623
9457 0 682 631
9457 1 678 623
9458 0 682 631
9458 1 678 624
9459 0 683 632
9459 1 678 625
9460 0 684 633
9460 1 678 625
9461 0 685 633
9461 1 678 625
9462 0 685 633
9462 1 678 625
9463 0 685 633
9463 1 678 625
9464 0 685 633
9464 1 679 626
9465 0 686 633
9465 1 679 626
9466 0 686 633
9466 1 680 627
9467 0 686 633
9467 1 680 627
9468 0 686 633
9468 1 681 628
9469 0 686 633
9469 1 681 628
9470 0 686 636
9470 1 681 628
9471 0 686 636
9471 1 681 628
9472 0 686 636
9472 1 681 628
9473 0 686 636
9473 1 682 628
9474 0 686 636
9474 1 682 628
9475 0 686 636
9475 1 683 628
9476 0 686 636
9476 1 683 628
9477 0 686 636
9477 1 683 628
9478 0 686 636
9478 1 683 628
9479 0 686 636
9479 1 684 627
9480 0 686 636
9480 1 684 627
9481 0 686 636
9481 1 684 627
9482 0 686 636
9482 1 685 627
9483 0 686 636
9483 1 685 627
9484 0 686 636
9484 1 685 627
9485 0 686 637
9485 1 685 627
9486 0 686 637
9486 1 685 627
9487 0 686 638
9487 1 685 627
9488 0 686 639
9488 1 685 627
9489 0 686 639
9489 1 685 627
9490 0 686 639
9490 1 685 627
9491 0 686 639
9491 1 685 627
9492 0 686 639
9492 1 686 628
9493 0 686 639
9493 1 686 628
9494 0 686 639
9494 1 686 628
9495 0 686 639
9495 1 686 628
9496 0 686 639
9496 1 686 628
9497 0 686 639
9497 1 686 628
9498 0 686 639
9498 1 686 628
9499 0 686 639
9499 1 686 629
9500 0 686 639
9500 1 686 629
9501 0 686 640
9501 1 686 629
9502 0 687 640
9502 1 685 630
9503 0 687 640
9503 1 685 630
9504 0 687 641
9504 1 685 630
9505 0 687 641
9505 1 685 630
9506 0 688 641
9506 1 685 631
9507 0 688 642
9507 1 685 631
9508 0 689 643
9508 1 685 632
9509 0 689 643
9509 1 685 632
9510 0 689 643
9510 1 685 632
9511 0 689 643
9511 1 685 632
9512 0 689 643
9512 1 685 632
9513 0 690 644
9513 1 685 633
9514 0 690 644
9514 1 685 634
9515 0 690 644
9515 1 685 635
9516 0 691 646
9516 1 685 636
9517 0 691 646
9517 1 685 636
9518 0 691 646
9518 1 685 636
9519 0 691 646
9519 1 685 636
9520 0 691 646
9520 1 685 636
9521 0 691 646
9521 1 685 636
9522 0 691 647
9522 1 685 636
9523 0 691 647
9523 1 685 636
9524 0 690 647
9524 1 685 636
9525 0 690 647
9525 1 685 636
9526 0 690 647
9526 1 685 637
9527 0 690 647
9527 1 685 637
9528 0 690 647
9528 1 685 637
9529 0 690 647
9529 1 686 637
9530 0 690 647
9530 1 686 637
9531 0 690 648
9531 1 686 637
9532 0 690 648
9532 1 686 637
9533 0 690 648
9533 1 686 637
9534 0 690 648
9534 1 686 638
9535 0 690 648
9535 1 686 638
9536 0 690 648
9536 1 686 638
9537 0 690 648
9537 1 686 638
9538 0 690 648
9538 1 686 638
9539 0 690 648
9539 1 686 638
9540 0 690 648
9540 1 686 638
9541 0 690 648
9541 1 686 639
9542 0 690 648
9542 1 686 639
9543 0 691 648
9543 1 686 639
9544 0 691 648
9544 1 686 639
9545 0 692 648
9545 1 686 639
9546 0 692 648
9546 1 686 639
9547 0 693 649
9547 1 686 640
9548 0 694 650
9548 1 687 641
9549 0 694 650
9549 1 687 641
9550 0 695 651
9550 1 688 642
9551 0 696 651
9551 1 688 642
9552 0 696 651
9552 1 689 643
9553 0 697 652
9553 1 689 644
9554 0 697 652
9554 1 689 644
9555 0 697 653
9555 1 689 644
9556 0 697 653
9556 1 690 644
9557 0 697 653
9557 1 690 644
9558 0 698 654
9558 1 691 645
9559 0 698 654
9559 1 692 646
9560 0 698 654
9560 1 692 646
9561 0 698 655
9561 1 693 647
9562 0 698 655
9562 1 694 648
9563 0 698 655
9563 1 694 648
9564 0 698 655
9564 1 694 648
9565 0 698 655
9565 1 694 648
9566 0 708 665
9566 1 694 648
9567 0 709 665
9567 1 694 648
9568 0 709 665
9568 1 694 648
9569 0 710 665
9569 1 694 649
9570 0 711 665
9570 1 694 649
9571 0 711 665
9571 1 694 649
9572 0 712 665
9572 1 694 650
9573 0 712 665
9573 1 694 651
9574 0 712 665
9574 1 694 651
9575 0 713 665
9575 1 694 652
9576 0 714 664
9576 1 694 653
9577 0 714 664
9577 1 694 653
9578 0 714 663
9578 1 694 653
9579 0 715 663
9579 1 694 653
9580 0 715 663
9580 1 694 653
9581 0 715 663
9581 1 694 653
9582 0 716 663
9582 1 694 654
9583 0 716 663
9583 1 694 654
9584 0 716 663
9584 1 694 654
9585 0 716 664
9585 1 695 655
9586 0 716 664
9586 1 695 655
9587 0 716 664
9587 1 695 655
9588 0 717 665
9588 1 695 655
9589 0 717 665
9589 1 695 655
9590 0 717 666
9590 1 695 655
9591 0 718 667
9591 1 695 655
9592 0 718 667
9592 1 695 655
9593 0 719 667
9593 1 695 655
9594 0 720 668
9594 1 695 655
9595 0 720 668
9595 1 695 655
9596 0 720 668
9596 1 695 655
9597 0 721 669
9597 1 695 655
9598 0 722 670
9598 1 695 655
9599 0 722 670
9599 1 695 655
9600 0 723 671
9600 1 695 655
9601 0 723 671
9601 1 695 655
9602 0 723 671
9602 1 695 655
9603 0 723 671
9603 1 695 655
9604 0 723 672
9604 1 695 655
9605 0 723 672
9605 1 695 655
9606 0 723 673
9606 1 695 655
9607 0 723 673
9607 1 695 655
9608 0 723 673
9608 1 695 655
9609 0 723 673
9609 1 695 655
9610 0 723 673
9610 1 695 655
9611 0 723 673
9611 1 695 655
9612 0 723 673
9612 1 695 655
9613 0 723 673
9613 1 695 655
9614 0 723 673
9614 1 695 655
9615 0 724 673
9615 1 695 655
9616 0 724 673
9616 1 695 655
9617 0 725 674
9617 1 695 655
9618 0 725 674
9618 1 695 655
9619 0 726 675
9619 1 695 655
9620 0 726 675
9620 1 695 655
9621 0 727 676
9621 1 695 655
9622 0 727 676
9622 1 695 655
9623 0 728 676
9623 1 695 655
9624 0 728 676
9624 1 695 655
9625 0 729 676
9625 1 695 655
9626 0 729 676
9626 1 695 655
9627 0 729 676
9627 1 695 655
9628 0 730 676
9628 1 695 655
9629 0 730 675
9629 1 695 655
9630 0 734 678
9630 1 720 670
9631 0 734 678
9631 1 720 670
9632 0 734 677
9632 1 720 670
9633 0 735 676
9633 1 720 671
9634 0 735 675
9634 1 720 671
9635 0 735 674
9635 1 720 671
9636 0 735 674
9636 1 720 672
9637 0 735 673
9637 1 720 672
9638 0 735 672
9638 1 721 673
9639 0 735 671
9639 1 721 674
9640 0 735 671
9640 1 721 674
9641 0 735 670
9641 1 721 675
9642 0 736 669
9642 1 721 676
9643 0 736 669
9643 1 722 676
9644 0 736 669
9644 1 722 677
9645 0 737 668
9645 1 723 677
9646 0 737 668
9646 1 723 677
9647 0 737 668
9647 1 723 677
9648 0 738 668
9648 1 723 677
9649 0 738 668
9649 1 723 678
9650 0 738 668
9650 1 724 678
9651 0 739 668
9651 1 724 678
9652 0 739 668
9652 1 724 678
9653 0 739 669
9653 1 724 678
9654 0 740 670
9654 1 724 678
9655 0 741 670
9655 1 724 678
9656 0 742 671
9656 1 725 678
9657 0 743 671
9657 1 725 678
9658 0 743 672
9658 1 726 677
9659 0 744 673
9659 1 727 676
9660 0 745 673
9660 1 727 676
9661 0 745 674
9661 1 728 675
9662 0 745 674
9662 1 728 674
9663 0 745 675
9663 1 729 673
9664 0 745 675
9664 1 729 672
9665 0 745 676
9665 1 730 672
9666 0 744 676
9666 1 730 672
9667 0 744 677
9667 1 730 671
9668 0 744 678
9668 1 730 671
9669 0 744 679
9669 1 731 671
9670 0 744 680
9670 1 731 671
9671 0 744 680
9671 1 732 670
9672 0 745 682
9672 1 732 670
9673 0 745 682
9673 1 733 670
9674 0 746 684
9674 1 734 670
9675 0 746 685
9675 1 735 670
9676 0 746 686
9676 1 736 670
9677 0 746 686
9677 1 737 671
9678 0 746 686
9678 1 737 671
9679 0 746 686
9679 1 738 672
9680 0 745 686
9680 1 738 672
9681 0 745 687
9681 1 738 673
9682 0 744 688
9682 1 738 673
9683 0 744 688
9683 1 738 673
9684 0 744 689
9684 1 738 673
9685 0 743 690
9685 1 738 673
9686 0 743 690
9686 1 739 674
9687 0 743 690
9687 1 739 674
9688 0 743 690
9688 1 740 675
9689 0 743 690
9689 1 741 677
9690 0 743 690
9690 1 742 677
9691 0 742 692
9691 1 742 678
9692 0 742 692
9692 1 743 679
9693 0 742 692
9693 1 744 681
9694 0 742 692
9694 1 745 681
9695 0 742 692
9695 1 746 682
9696 0 742 692
9696 1 746 683
9697 0 742 692
9697 1 747 683
9698 0 742 692
9698 1 747 683
9699 0 742 692
9699 1 748 684
9700 0 742 692
9700 1 748 684
9701 0 742 692
9701 1 748 684
9702 0 742 692
9702 1 748 684
9703 0 742 692
9703 1 749 684
9704 0 742 692
9704 1 749 684
9705 0 742 693
9705 1 749 684
9706 0 742 693
9706 1 749 684
9707 0 742 693
9707 1 749 684
9708 0 742 693
9708 1 750 684
9709 0 742 693
9709 1 750 684
9710 0 742 693
9710 1 751 684
9711 0 742 693
9711 1 751 684
9712 0 742 693
9712 1 751 684
9713 0 742 693
9713 1 752 684
9714 0 742 693
9714 1 752 683
9715 0 742 693
9715 1 752 683
9716 0 742 693
9716 1 752 682
9717 0 742 693
9717 1 752 682
9718 0 742 693
9718 1 752 682
9719 0 742 693
9719 1 752 681
9720 0 742 693
9720 1 752 681
9721 0 742 693
9721 1 753 681
9722 0 742 693
9722 1 753 681
9723 0 742 693
9723 1 753 680
9724 0 742 693
9724 1 753 680
9725 0 742 693
9725 1 753 680
9726 0 742 693
9726 1 753 680
9727 0 742 693
9727 1 753 680
9728 0 742 693
9728 1 753 680
9729 0 742 693
9729 1 753 679
9730 0 742 693
9730 1 753 679
9731 0 742 693
9731 1 754 680
9732 0 742 693
9732 1 754 680
9733 0 742 693
9733 1 754 680
9734 0 742 693
9734 1 754 680
9735 0 742 693
9735 1 754 680
9736 0 742 693
9736 1 754 680
9737 0 742 693
9737 1 754 680
9738 0 742 693
9738 1 754 679
9739 0 742 693
9739 1 754 679
9740 0 742 693
9740 1 754 679
9741 0 742 693
9741 1 755 679
9742 0 742 693
9742 1 755 679
9743 0 742 693
9743 1 755 679
9744 0 742 693
9744 1 755 679
9745 0 742 693
9745 1 754 680
9746 0 742 693
9746 1 753 681
9747 0 742 693
9747 1 753 681
9748 0 742 693
9748 1 753 682
9749 0 742 693
9749 1 752 683
9750 0 742 693
9750 1 751 684
9751 0 742 693
9751 1 751 685
9752 0 742 693
9752 1 750 686
9753 0 742 693
9753 1 750 687
9754 0 742 693
9754 1 751 688
9755 0 742 693
9755 1 751 689
9756 0 742 693
9756 1 750 690
9757 0 742 693
9757 1 750 691
9758 0 742 693
9758 1 750 691
9759 0 742 693
9759 1 750 691
9760 0 742 693
9760 1 750 691
9761 0 742 692
9761 1 750 691
9762 0 742 691
9762 1 750 691
9763 0 742 691
9763 1 750 691
9764 0 742 690
9764 1 750 691
9765 0 742 690
9765 1 751 691
9766 0 742 690
9766 1 751 691
9767 0 742 689
9767 1 751 691
9768 0 742 688
9768 1 751 691
9769 0 741 688
9769 1 752 691
9770 0 741 688
9770 1 752 691
9771 0 740 687
9771 1 752 691
9772 0 740 687
9772 1 752 691
9773 0 740 687
9773 1 752 691
9774 0 740 687
9774 1 752 691
9775 0 740 686
9775 1 752 691
9776 0 740 686
9776 1 752 691
9777 0 739 685
9777 1 753 691
9778 0 739 685
9778 1 753 691
9779 0 739 685
9779 1 753 691
9780 0 739 685
9780 1 752 690
9781 0 739 685
9781 1 752 690
9782 0 739 684
9782 1 752 690
9783 0 738 683
9783 1 752 690
9784 0 738 683
9784 1 752 689
9785 0 737 682
9785 1 752 689
9786 0 737 682
9786 1 751 689
9787 0 737 682
9787 1 751 689
9788 0 736 682
9788 1 751 689
9789 0 736 681
9789 1 750 689
9790 0 736 681
9790 1 749 689
9791 0 735 680
9791 1 749 689
9792 0 735 680
9792 1 748 689
9793 0 735 680
9793 1 747 689
9794 0 734 679
9794 1 746 689
9795 0 734 679
9795 1 745 689
9796 0 734 679
9796 1 745 689
9797 0 734 679
9797 1 745 690
9798 0 735 679
9798 1 744 690
9799 0 735 679
9799 1 742 691
9800 0 736 679
9800 1 741 691
9801 0 737 679
9801 1 742 692
9802 0 737 679
9802 1 741 692
9803 0 739 679
9803 1 741 692
9804 0 740 679
9804 1 741 692
9805 0 742 679
9805 1 740 692
9806 0 743 678
9806 1 740 692
9807 0 745 678
9807 1 740 692
9808 0 747 678
9808 1 740 692
9809 0 748 678
9809 1 740 692
9810 0 749 678
9810 1 740 692
9811 0 750 678
9811 1 740 692
9812 0 751 678
9812 1 740 691
9813 0 752 678
9813 1 740 691
9814 0 752 678
9814 1 740 691
9815 0 752 678
9815 1 740 691
9816 0 753 678
9816 1 740 691
9817 0 753 678
9817 1 740 691
9818 0 753 678
9818 1 740 691
9819 0 753 678
9819 1 740 691
9820 0 753 678
9820 1 739 690
9821 0 753 678
9821 1 739 690
9822 0 754 678
9822 1 739 690
9823 0 754 678
9823 1 738 689
9824 0 754 678
9824 1 737 689
9825 0 754 678
9825 1 735 689
9826 0 755 678
9826 1 734 689
9827 0 756 678
9827 1 734 689
9828 0 757 678
9828 1 733 690
9829 0 758 678
9829 1 733 690
9830 0 758 678
9830 1 732 690
9831 0 758 678
9831 1 732 691
9832 0 758 678
9832 1 732 691
9833 0 758 678
9833 1 731 692
9834 0 758 678
9834 1 731 693
9835 0 758 678
9835 1 731 694
9836 0 758 678
9836 1 731 695
9837 0 758 678
9837 1 731 695
9838 0 758 678
9838 1 731 695
9839 0 758 678
9839 1 732 696
9840 0 758 678
9840 1 733 697
9841 0 758 678
9841 1 733 697
9842 0 758 678
9842 1 733 698
9843 0 758 678
9843 1 734 698
9844 0 758 678
9844 1 735 698
9845 0 762 681
9845 1 737 696
9846 0 762 681
9846 1 737 696
9847 0 762 681
9847 1 738 696
9848 0 762 681
9848 1 738 696
9849 0 762 681
9849 1 738 696
9850 0 762 681
9850 1 738 696
9851 0 762 681
9851 1 739 696
9852 0 762 681
9852 1 739 696
9853 0 762 681
9853 1 739 696
9854 0 762 681
9854 1 740 695
9855 0 762 680
9855 1 740 695
9856 0 762 680
9856 1 741 694
9857 0 762 680
9857 1 742 693
9858 0 762 680
9858 1 742 693
9859 0 762 680
9859 1 741 692
9860 0 762 680
9860 1 741 691
9861 0 762 680
9861 1 741 690
9862 0 762 680
9862 1 741 689
9863 0 762 680
9863 1 740 688
9864 0 762 680
9864 1 740 687
9865 0 762 680
9865 1 740 686
9866 0 762 680
9866 1 740 684
9867 0 762 680
9867 1 741 683
9868 0 762 680
9868 1 741 682
9869 0 762 680
9869 1 742 681
9870 0 762 679
9870 1 742 680
9871 0 762 679
9871 1 743 680
9872 0 762 679
9872 1 744 679
9873 0 762 678
9873 1 745 678
9874 0 762 677
9874 1 746 677
9875 0 762 676
9875 1 747 677
9876 0 762 676
9876 1 748 676
9877 0 762 676
9877 1 749 676
9878 0 761 675
9878 1 750 676
9879 0 761 675
9879 1 750 676
9880 0 761 675
9880 1 750 676
9881 0 761 675
9881 1 751 676
9882 0 761 675
9882 1 751 676
9883 0 761 675
9883 1 751 676
9884 0 761 675
9884 1 752 676
9885 0 761 675
9885 1 752 676
9886 0 761 675
9886 1 752 676
9887 0 761 675
9887 1 752 676
9888 0 761 675
9888 1 752 676
9889 0 761 675
9889 1 753 676
9890 0 761 676
9890 1 754 677
9891 0 761 676
9891 1 755 677
9892 0 762 676
9892 1 756 678
9893 0 762 677
9893 1 757 678
9894 0 762 677
9894 1 758 678
9895 0 762 677
9895 1 759 678
9896 0 762 677
9896 1 760 679
9897 0 763 677
9897 1 761 679
9898 0 763 677
9898 1 762 679
9899 0 763 676
9899 1 763 679
9900 0 763 676
9900 1 763 679
9901 0 763 675
9901 1 764 679
9902 0 763 675
9902 1 764 679
9903 0 763 675
9903 1 764 679
9904 0 763 675
9904 1 764 678
9905 0 762 675
9905 1 765 677
9906 0 762 676
9906 1 765 677
9907 0 762 676
9907 1 766 677
9908 0 762 675
9908 1 766 676