FRAME   ID  X   Y (0 is Leader, 1 is Follower)
16384 0 941 789
16384 1 983 831
16385 0 941 789
16385 1 984 830
16386 0 941 789
16386 1 985 829
16387 0 941 789
16387 1 987 829
16388 0 942 789
16388 1 988 828
16389 0 942 789
16389 1 989 827
16390 0 942 789
16390 1 990 825
16391 0 942 789
16391 1 992 825
16392 0 942 789
16392 1 993 824
16393 0 942 789
16393 1 994 823
16394 0 942 788
16394 1 996 823
16395 0 942 788
16395 1 998 823
16396 0 942 787
16396 1 1000 821
16397 0 941 786
16397 1 1001 821
16398 0 941 785
16398 1 1003 821
16399 0 941 784
16399 1 1005 821
16400 0 940 782
16400 1 1007 821
16401 0 940 781
16401 1 1009 821
16402 0 940 780
16402 1 1010 822
16403 0 940 779
16403 1 1012 823
16404 0 939 778
16404 1 1014 823
16405 0 939 777
16405 1 1015 824
16406 0 939 776
16406 1 1016 824
16407 0 938 775
16407 1 1017 825
16408 0 938 774
16408 1 1017 825
16409 0 938 773
16409 1 1018 825
16410 0 938 772
16410 1 1019 825
16411 0 938 772
16411 1 1021 824
16412 0 938 771
16412 1 1022 823
16413 0 938 771
16413 1 1024 823
16414 0 938 770
16414 1 1025 822
16415 0 938 770
16415 1 1027 821
16416 0 938 770
16416 1 1028 820
16417 0 938 769
16417 1 1029 819
16418 0 938 769
16418 1 1030 818
16419 0 938 769
16419 1 1030 818
16420 0 938 769
16420 1 1029 818
16421 0 938 768
16421 1 1028 818
16422 0 938 767
16422 1 1028 818
16423 0 938 766
16423 1 1028 818
16424 0 938 764
16424 1 1028 818
16425 0 938 763
16425 1 1029 818
16426 0 938 761
16426 1 1030 819
16427 0 938 760
16427 1 1031 820
16428 0 938 759
16428 1 1032 822
16429 0 938 758
16429 1 1032 823
16430 0 938 757
16430 1 1033 824
16431 0 938 757
16431 1 1034 826
16432 0 938 757
16432 1 1036 828
16433 0 938 756
16433 1 1037 829
16434 0 938 756
16434 1 1038 830
16435 0 938 755
16435 1 1040 832
16436 0 938 754
16436 1 1042 833
16437 0 938 753
16437 1 1043 833
16438 0 939 751
16438 1 1045 834
16439 0 939 750
16439 1 1047 835
16440 0 939 749
16440 1 1049 835
16441 0 939 748
16441 1 1050 835
16442 0 940 747
16442 1 1052 836
16443 0 940 746
16443 1 1053 837
16444 0 940 746
16444 1 1053 837
16445 0 940 745
16445 1 1054 837
16446 0 940 745
16446 1 1056 838
16447 0 940 744
16447 1 1057 838
16448 0 941 743
16448 1 1058 839
16449 0 941 742
16449 1 1059 840
15125 0 1081 564
15125 1 1101 563
15126 0 1081 564
15126 1 1100 563
15127 0 1080 565
15127 1 1098 563
15128 0 1079 565
15128 1 1097 563
15129 0 1078 566
15129 1 1097 562
15130 0 1077 566
15130 1 1096 562
15131 0 1076 568
15131 1 1096 562
15132 0 1074 569
15132 1 1095 561
15133 0 1073 570
15133 1 1094 561
15134 0 1071 572
15134 1 1093 561
15135 0 1070 573
15135 1 1092 561
15136 0 1068 574
15136 1 1091 561
15137 0 1067 576
15137 1 1091 561
15138 0 1066 577
15138 1 1090 560
15139 0 1066 578
15139 1 1089 560
15140 0 1066 578
15140 1 1088 561
15141 0 1065 579
15141 1 1088 561
15142 0 1065 579
15142 1 1087 561
15143 0 1065 580
15143 1 1086 562
15144 0 1065 580
15144 1 1085 562
15145 0 1065 580
15145 1 1084 563
15146 0 1064 581
15146 1 1084 563
15147 0 1064 581
15147 1 1084 563
15148 0 1064 581
15148 1 1084 563
15149 0 1064 581
15149 1 1083 563
15150 0 1064 581
15150 1 1082 564
15151 0 1064 581
15151 1 1081 564
15152 0 1064 581
15152 1 1080 564
15153 0 1063 581
15153 1 1078 565
15154 0 1063 581
15154 1 1077 564
15155 0 1062 582
15155 1 1075 563
15156 0 1061 582
15156 1 1073 563
15157 0 1061 582
15157 1 1072 563
15158 0 1061 582
15158 1 1072 563
15159 0 1061 582
15159 1 1072 562
15160 0 1061 582
15160 1 1071 562
15161 0 1061 582
15161 1 1071 562
15162 0 1061 582
15162 1 1070 561
15163 0 1061 582
15163 1 1070 561
15164 0 1061 582
15164 1 1070 561
15165 0 1061 582
15165 1 1070 561
15166 0 1061 582
15166 1 1070 561
15167 0 1061 582
15167 1 1069 560
15168 0 1061 582
15168 1 1069 559
15169 0 1061 583
15169 1 1069 559
15170 0 1061 583
15170 1 1070 559
15171 0 1061 584
15171 1 1070 560
15172 0 1061 585
15172 1 1070 560
15173 0 1061 586
15173 1 1070 560
15174 0 1061 587
15174 1 1070 560
15175 0 1061 588
15175 1 1070 560
15176 0 1061 589
15176 1 1070 560
15177 0 1061 589
15177 1 1070 560
15178 0 1061 589
15178 1 1070 560
15179 0 1061 589
15179 1 1070 560
15180 0 1061 589
15180 1 1070 560
15181 0 1061 590
15181 1 1069 560
15182 0 1061 590
15182 1 1069 560
15183 0 1061 591
15183 1 1069 560
15184 0 1061 592
15184 1 1068 560
15185 0 1061 592
15185 1 1068 560
15186 0 1062 593
15186 1 1068 560
15187 0 1062 593
15187 1 1068 560
15188 0 1062 594
15188 1 1067 560
15189 0 1062 595
15189 1 1067 560
15190 0 1062 596
15190 1 1067 560
15191 0 1062 597
15191 1 1066 561
15192 0 1062 599
15192 1 1066 561
15193 0 1062 600
15193 1 1066 561
15194 0 1062 601
15194 1 1066 562
15195 0 1062 602
15195 1 1066 562
15196 0 1063 603
15196 1 1066 562
15197 0 1063 603
15197 1 1066 562
15198 0 1063 603
15198 1 1066 562
15199 0 1063 603
15199 1 1066 563
15200 0 1063 603
15200 1 1066 563
15201 0 1063 603
15201 1 1066 564
15202 0 1063 603
15202 1 1067 565
15203 0 1063 603
15203 1 1067 566
15204 0 1063 603
15204 1 1068 567
15205 0 1064 604
15205 1 1069 568
15206 0 1064 604
15206 1 1069 569
15207 0 1064 604
15207 1 1070 570
15208 0 1064 604
15208 1 1070 572
15209 0 1064 604
15209 1 1070 573
15210 0 1064 604
15210 1 1070 574
15211 0 1064 604
15211 1 1070 575
15212 0 1064 605
15212 1 1070 576
15213 0 1064 605
15213 1 1070 577
15214 0 1064 605
15214 1 1070 578
15215 0 1064 605
15215 1 1069 579
15216 0 1064 605
15216 1 1068 580
15217 0 1064 605
15217 1 1068 581
15218 0 1064 605
15218 1 1067 582
15219 0 1064 605
15219 1 1067 582
15220 0 1064 605
15220 1 1066 582
15221 0 1064 605
15221 1 1065 583
15222 0 1064 605
15222 1 1064 584
15223 0 1064 605
15223 1 1064 585
15224 0 1065 605
15224 1 1063 586
15225 0 1065 605
15225 1 1062 586
15226 0 1065 605
15226 1 1061 587
15227 0 1065 605
15227 1 1061 587
15228 0 1065 605
15228 1 1061 588
15229 0 1066 605
15229 1 1060 588
15230 0 1067 605
15230 1 1060 588
15231 0 1068 606
15231 1 1060 588
15232 0 1070 607
15232 1 1060 589
15233 0 1071 607
15233 1 1060 589
15234 0 1072 608
15234 1 1060 590
15235 0 1073 609
15235 1 1060 591
15236 0 1075 611
15236 1 1060 591
15237 0 1076 612
15237 1 1060 592
15238 0 1077 613
15238 1 1060 593
15239 0 1077 614
15239 1 1061 594
15240 0 1077 614
15240 1 1061 595
15241 0 1078 615
15241 1 1062 597
15242 0 1078 615
15242 1 1062 598
15243 0 1078 615
15243 1 1062 600
15244 0 1078 615
15244 1 1062 601
15245 0 1079 615
15245 1 1063 603
15246 0 1079 615
15246 1 1063 604
15247 0 1079 615
15247 1 1063 605
15248 0 1079 615
15248 1 1063 605
15249 0 1079 615
15249 1 1063 605
15250 0 1080 615
15250 1 1062 605
15251 0 1080 614
15251 1 1062 605
15252 0 1080 614
15252 1 1062 605
15253 0 1080 614
15253 1 1062 605
15254 0 1080 614
15254 1 1062 605
15255 0 1080 614
15255 1 1062 605
15256 0 1080 614
15256 1 1062 605
15257 0 1081 614
15257 1 1063 606
15258 0 1081 614
15258 1 1063 606
15259 0 1081 614
15259 1 1063 606
15260 0 1081 614
15260 1 1063 606
15261 0 1081 614
15261 1 1063 606
15262 0 1082 614
15262 1 1064 607
15263 0 1082 615
15263 1 1064 607
15264 0 1083 616
15264 1 1064 607
15265 0 1083 617
15265 1 1064 607
15266 0 1083 618
15266 1 1065 608
15267 0 1084 619
15267 1 1065 608
15268 0 1084 621
15268 1 1065 608
15269 0 1084 622
15269 1 1066 608
15270 0 1084 623
15270 1 1066 608
15271 0 1083 620
15271 1 1067 608
15272 0 1083 621
15272 1 1068 609
15273 0 1084 622
15273 1 1069 609
15274 0 1084 624
15274 1 1070 610
15275 0 1084 624
15275 1 1071 610
15276 0 1084 625
15276 1 1072 610
15277 0 1084 626
15277 1 1073 611
15278 0 1084 626
15278 1 1073 611
15279 0 1084 626
15279 1 1074 612
15280 0 1084 626
15280 1 1074 612
15281 0 1084 626
15281 1 1075 613
15282 0 1084 626
15282 1 1075 613
15283 0 1084 627
15283 1 1075 614
15284 0 1084 627
15284 1 1076 615
15285 0 1084 627
15285 1 1077 615
15286 0 1084 627
15286 1 1077 616
15287 0 1084 628
15287 1 1078 616
15288 0 1084 628
15288 1 1078 617
15289 0 1084 628
15289 1 1079 617
15290 0 1084 629
15290 1 1079 617
15291 0 1084 630
15291 1 1079 617
15292 0 1084 631
15292 1 1080 618
15293 0 1084 633
15293 1 1080 618
15294 0 1084 635
15294 1 1081 619
15295 0 1084 637
15295 1 1082 620
15296 0 1084 638
15296 1 1082 621
15297 0 1084 639
15297 1 1083 622
15298 0 1084 639
15298 1 1083 623
15299 0 1084 640
15299 1 1083 624
15300 0 1084 640
15300 1 1083 625
15301 0 1084 641
15301 1 1083 625
15302 0 1084 641
15302 1 1083 627
15303 0 1084 642
15303 1 1083 627
15304 0 1084 642
15304 1 1083 629
15305 0 1084 642
15305 1 1083 630
15306 0 1084 642
15306 1 1083 631
15307 0 1084 643
15307 1 1082 631
15308 0 1084 643
15308 1 1082 632
15309 0 1084 644
15309 1 1082 632
15310 0 1084 645
15310 1 1082 632
15311 0 1084 646
15311 1 1082 633
15312 0 1084 647
15312 1 1082 634
15313 0 1083 649
15313 1 1082 635
15314 0 1083 650
15314 1 1083 636
15315 0 1083 651
15315 1 1083 637
15316 0 1082 653
15316 1 1083 638
15317 0 1081 655
15317 1 1083 639
15318 0 1081 657
15318 1 1083 640
15319 0 1081 659
15319 1 1083 641
15320 0 1081 659
15320 1 1083 642
15321 0 1081 660
15321 1 1083 643
15322 0 1081 660
15322 1 1083 643
15323 0 1081 660
15323 1 1082 644
15324 0 1081 661
15324 1 1082 645
15325 0 1081 661
15325 1 1081 646
15326 0 1081 661
15326 1 1081 646
15327 0 1081 661
15327 1 1081 647
15328 0 1081 662
15328 1 1080 648
15329 0 1081 662
15329 1 1079 650
15330 0 1081 663
15330 1 1078 651
15331 0 1081 663
15331 1 1078 652
15332 0 1081 664
15332 1 1078 652
15333 0 1081 665
15333 1 1077 652
15334 0 1082 666
15334 1 1077 653
15335 0 1082 667
15335 1 1077 654
15336 0 1083 669
15336 1 1077 655
15337 0 1083 669
15337 1 1077 655
15338 0 1083 670
15338 1 1077 655
15339 0 1084 671
15339 1 1078 656
15340 0 1084 672
15340 1 1078 657
15341 0 1085 673
15341 1 1079 658
15342 0 1085 673
15342 1 1080 659
15343 0 1086 674
15343 1 1081 660
15344 0 1086 675
15344 1 1081 661
15345 0 1086 675
15345 1 1082 663
15346 0 1086 675
15346 1 1083 664
15347 0 1086 675
15347 1 1083 664
15348 0 1087 676
15348 1 1083 664
15349 0 1087 677
15349 1 1083 664
15350 0 1089 678
15350 1 1083 664
15351 0 1090 679
15351 1 1084 665
15352 0 1091 680
15352 1 1084 666
15353 0 1092 681
15353 1 1084 667
15354 0 1092 681
15354 1 1084 668
15355 0 1093 682
15355 1 1084 668
15356 0 1094 682
15356 1 1085 669
15357 0 1095 683
15357 1 1085 670
15358 0 1096 684
15358 1 1084 671
15359 0 1096 684
15359 1 1084 672
15360 0 1097 684
15360 1 1084 673
15361 0 1097 685
15361 1 1084 674
15362 0 1098 685
15362 1 1084 674
15363 0 1098 686
15363 1 1084 675
15364 0 1099 686
15364 1 1083 675
15365 0 1099 686
15365 1 1083 676
15366 0 1100 687
15366 1 1083 676
15367 0 1100 687
15367 1 1083 676
15368 0 1101 687
15368 1 1083 676
15369 0 1102 687
15369 1 1083 676
15370 0 1103 687
15370 1 1083 676
15371 0 1104 687
15371 1 1083 676
15372 0 1104 687
15372 1 1083 676
15373 0 1104 687
15373 1 1083 676
15374 0 1104 687
15374 1 1083 676
15375 0 1105 687
15375 1 1083 676
15376 0 1108 690
15376 1 1082 676
15377 0 1108 690
15377 1 1082 676
15378 0 1109 690
15378 1 1082 676
15379 0 1109 690
15379 1 1082 676
15380 0 1109 690
15380 1 1081 676
15381 0 1110 690
15381 1 1081 676
15382 0 1110 690
15382 1 1081 676
15383 0 1110 690
15383 1 1081 677
15384 0 1110 690
15384 1 1081 677
15385 0 1111 690
15385 1 1081 677
15386 0 1111 690
15386 1 1081 677
15387 0 1111 690
15387 1 1081 677
15388 0 1111 690
15388 1 1081 677
15389 0 1111 690
15389 1 1081 677
15390 0 1111 690
15390 1 1081 677
15391 0 1111 690
15391 1 1081 677
15392 0 1112 690
15392 1 1081 677
15393 0 1112 690
15393 1 1081 677
15394 0 1113 690
15394 1 1081 677
15395 0 1113 690
15395 1 1081 677
15396 0 1114 690
15396 1 1081 677
15397 0 1114 690
15397 1 1081 677
15398 0 1114 690
15398 1 1081 677
15399 0 1114 690
15399 1 1081 677
15400 0 1115 690
15400 1 1081 677
15401 0 1115 690
15401 1 1081 677
15402 0 1115 690
15402 1 1081 677
15403 0 1115 690
15403 1 1081 677
15404 0 1115 690
15404 1 1081 677
15405 0 1116 690
15405 1 1081 677
15406 0 1116 690
15406 1 1081 677
15407 0 1116 690
15407 1 1081 677
15408 0 1117 691
15408 1 1081 677
15409 0 1117 691
15409 1 1081 677
15410 0 1117 691
15410 1 1081 677
15411 0 1117 691
15411 1 1082 677
15412 0 1117 691
15412 1 1082 678
15413 0 1117 691
15413 1 1082 678
15414 0 1117 691
15414 1 1082 678
15415 0 1117 691
15415 1 1082 678
15416 0 1117 691
15416 1 1082 678
15417 0 1117 691
15417 1 1082 679
15418 0 1117 691
15418 1 1082 679
15419 0 1117 691
15419 1 1082 680
15420 0 1118 691
15420 1 1082 680
15421 0 1118 691
15421 1 1082 680
15422 0 1118 691
15422 1 1082 680
15423 0 1118 691
15423 1 1081 680
15424 0 1118 691
15424 1 1081 680
15425 0 1118 691
15425 1 1081 680
15426 0 1118 691
15426 1 1081 680
15427 0 1118 692
15427 1 1081 681
15428 0 1119 692
15428 1 1081 681
15429 0 1119 692
15429 1 1081 681
15430 0 1119 692
15430 1 1081 682
15431 0 1119 692
15431 1 1081 682
15432 0 1119 692
15432 1 1081 683
15433 0 1119 692
15433 1 1081 683
15434 0 1119 692
15434 1 1080 684
15435 0 1119 692
15435 1 1080 684
15436 0 1120 693
15436 1 1080 684
15437 0 1120 693
15437 1 1080 684
15438 0 1120 693
15438 1 1080 684
15439 0 1120 693
15439 1 1080 684
15440 0 1120 693
15440 1 1080 684
15441 0 1119 697
15441 1 1083 688
15442 0 1119 697
15442 1 1083 688
15443 0 1119 697
15443 1 1083 688
15444 0 1119 698
15444 1 1084 688
15445 0 1119 698
15445 1 1084 688
15446 0 1119 698
15446 1 1084 688
15447 0 1119 699
15447 1 1085 689
15448 0 1119 699
15448 1 1086 689
15449 0 1119 699
15449 1 1086 689
15450 0 1119 699
15450 1 1086 689
15451 0 1119 699
15451 1 1087 689
15452 0 1119 699
15452 1 1087 689
15453 0 1119 699
15453 1 1087 689
15454 0 1119 699
15454 1 1088 689
15455 0 1119 699
15455 1 1088 689
15456 0 1119 699
15456 1 1089 689
15457 0 1119 699
15457 1 1090 689
15458 0 1119 699
15458 1 1090 689
15459 0 1119 699
15459 1 1091 689
15460 0 1119 699
15460 1 1091 690
15461 0 1119 699
15461 1 1091 690
15462 0 1119 699
15462 1 1092 690
15463 0 1119 699
15463 1 1092 690
15464 0 1119 699
15464 1 1092 690
15465 0 1119 699
15465 1 1092 690
15466 0 1119 699
15466 1 1092 690
15467 0 1119 699
15467 1 1092 690
15468 0 1119 699
15468 1 1092 690
15469 0 1119 699
15469 1 1092 690
15470 0 1119 699
15470 1 1093 689
15471 0 1119 699
15471 1 1093 689
15472 0 1119 699
15472 1 1093 689
15473 0 1119 699
15473 1 1093 689
15474 0 1119 700
15474 1 1093 689
15475 0 1119 700
15475 1 1094 688
15476 0 1119 700
15476 1 1094 687
15477 0 1119 700
15477 1 1095 687
15478 0 1119 701
15478 1 1096 686
15479 0 1119 701
15479 1 1096 685
15480 0 1119 701
15480 1 1096 685
15481 0 1119 701
15481 1 1097 685
15482 0 1119 701
15482 1 1098 685
15483 0 1119 702
15483 1 1098 684
15484 0 1119 703
15484 1 1099 684
15485 0 1119 704
15485 1 1100 684
15486 0 1119 705
15486 1 1101 684
15487 0 1119 706
15487 1 1102 684
15488 0 1119 706
15488 1 1103 684
15489 0 1119 707
15489 1 1104 684
15490 0 1119 707
15490 1 1104 684
15491 0 1119 707
15491 1 1105 684
15492 0 1119 707
15492 1 1106 685
15493 0 1119 707
15493 1 1107 686
15494 0 1119 707
15494 1 1108 687
15495 0 1119 707
15495 1 1108 687
15496 0 1119 707
15496 1 1109 688
15497 0 1119 707
15497 1 1109 688
15498 0 1119 707
15498 1 1109 688
15499 0 1119 707
15499 1 1109 688
15500 0 1119 707
15500 1 1110 689
15501 0 1119 707
15501 1 1110 690
15502 0 1119 708
15502 1 1111 690
15503 0 1119 708
15503 1 1112 691
15504 0 1119 708
15504 1 1112 691
15505 0 1119 708
15505 1 1113 692
15506 0 1119 708
15506 1 1114 693
15507 0 1119 708
15507 1 1115 694
15508 0 1119 708
15508 1 1116 694
15509 0 1119 708
15509 1 1117 695
15510 0 1119 708
15510 1 1117 695
15511 0 1119 708
15511 1 1117 695
15512 0 1119 708
15512 1 1117 695
15513 0 1119 708
15513 1 1117 695
15514 0 1119 709
15514 1 1117 695
15515 0 1119 709
15515 1 1117 695
15516 0 1119 710
15516 1 1118 695
15517 0 1119 711
15517 1 1118 696
15518 0 1119 712
15518 1 1119 697
15519 0 1119 713
15519 1 1119 697
15520 0 1119 715
15520 1 1119 697
15521 0 1119 716
15521 1 1119 698
15522 0 1119 717
15522 1 1119 698
15523 0 1120 719
15523 1 1119 699
15524 0 1120 720
15524 1 1119 700
15525 0 1120 721
15525 1 1119 701
15526 0 1120 721
15526 1 1119 702
15527 0 1120 723
15527 1 1120 703
15528 0 1120 723
15528 1 1120 704
15529 0 1120 724
15529 1 1120 704
15530 0 1120 724
15530 1 1120 704
15531 0 1120 725
15531 1 1120 704
15532 0 1120 725
15532 1 1120 704
15533 0 1121 726
15533 1 1120 704
15534 0 1121 727
15534 1 1120 704
15535 0 1121 727
15535 1 1120 704
15536 0 1121 728
15536 1 1120 705
15537 0 1121 728
15537 1 1120 705
15538 0 1122 728
15538 1 1120 705
15539 0 1122 729
15539 1 1120 705
15540 0 1122 729
15540 1 1120 706
15541 0 1122 729
15541 1 1120 706
15542 0 1122 729
15542 1 1120 707
15543 0 1122 729
15543 1 1120 708
15544 0 1122 730
15544 1 1120 709
15545 0 1122 730
15545 1 1120 710
15546 0 1122 730
15546 1 1120 711
15547 0 1122 730
15547 1 1120 712
15548 0 1122 730
15548 1 1120 712
15549 0 1122 730
15549 1 1120 713
15550 0 1122 730
15550 1 1121 714
15551 0 1122 730
15551 1 1121 715
15552 0 1123 731
15552 1 1121 716
15553 0 1122 731
15553 1 1121 717
15554 0 1122 731
15554 1 1121 717
15555 0 1122 731
15555 1 1121 717
15556 0 1122 732
15556 1 1121 718
15557 0 1123 733
15557 1 1121 718
15558 0 1123 734
15558 1 1121 718
15559 0 1123 734
15559 1 1121 719
15560 0 1123 735
15560 1 1121 719
15561 0 1123 736
15561 1 1121 720
15562 0 1123 737
15562 1 1121 721
15563 0 1124 738
15563 1 1121 722
15564 0 1124 738
15564 1 1121 723
15565 0 1124 739
15565 1 1122 724
15566 0 1123 740
15566 1 1122 725
15567 0 1123 740
15567 1 1123 726
15568 0 1123 740
15568 1 1123 727
15569 0 1123 740
15569 1 1123 727
15570 0 1123 741
15570 1 1123 727
15571 0 1123 742
15571 1 1123 727
15572 0 1123 743
15572 1 1123 727
15573 0 1122 744
15573 1 1124 728
15574 0 1122 745
15574 1 1124 728
15575 0 1122 746
15575 1 1124 729
15576 0 1121 748
15576 1 1124 730
15577 0 1121 749
15577 1 1124 730
15578 0 1121 750
15578 1 1124 730
15579 0 1120 751
15579 1 1124 731
15580 0 1120 752
15580 1 1124 731
15581 0 1120 752
15581 1 1124 732
15582 0 1120 752
15582 1 1123 733
15583 0 1120 753
15583 1 1123 734
15584 0 1120 753
15584 1 1123 734
15585 0 1120 753
15585 1 1123 734
15586 0 1119 754
15586 1 1123 735
15587 0 1119 754
15587 1 1123 735
15588 0 1119 754
15588 1 1123 736
15589 0 1119 754
15589 1 1122 737
15590 0 1119 754
15590 1 1122 737
15591 0 1118 755
15591 1 1122 738
15592 0 1118 755
15592 1 1122 739
15593 0 1117 756
15593 1 1122 739
15594 0 1117 756
15594 1 1122 739
15595 0 1116 756
15595 1 1122 740
15596 0 1115 757
15596 1 1123 741
15597 0 1115 757
15597 1 1123 741
15598 0 1115 757
15598 1 1123 741
15599 0 1115 757
15599 1 1123 741
15600 0 1114 758
15600 1 1123 741
15601 0 1113 758
15601 1 1123 741
15602 0 1112 759
15602 1 1123 741
15603 0 1111 759
15603 1 1123 741
15604 0 1111 760
15604 1 1123 741
15605 0 1110 760
15605 1 1123 741
15606 0 1109 761
15606 1 1123 741
15607 0 1109 761
15607 1 1123 741
15608 0 1109 762
15608 1 1123 741
15609 0 1108 762
15609 1 1123 741
15610 0 1108 762
15610 1 1123 741
15611 0 1108 762
15611 1 1123 741
15612 0 1108 762
15612 1 1123 741
15613 0 1108 762
15613 1 1123 741
15614 0 1108 762
15614 1 1122 742
15615 0 1108 762
15615 1 1122 743
15616 0 1108 762
15616 1 1122 744
15617 0 1108 762
15617 1 1122 744
15618 0 1108 762
15618 1 1121 745
15619 0 1108 762
15619 1 1120 746
15620 0 1108 762
15620 1 1119 747
15621 0 1108 762
15621 1 1119 747
15622 0 1108 762
15622 1 1118 748
15623 0 1108 762
15623 1 1118 749
15624 0 1108 762
15624 1 1117 749
15625 0 1108 763
15625 1 1117 750
15626 0 1107 763
15626 1 1117 750
15627 0 1107 763
15627 1 1117 751
15628 0 1106 764
15628 1 1117 751
15629 0 1106 764
15629 1 1117 752
15630 0 1105 765
15630 1 1117 752
15631 0 1104 766
15631 1 1116 753
15632 0 1104 768
15632 1 1116 753
15633 0 1103 769
15633 1 1115 754
15634 0 1103 770
15634 1 1115 754
15635 0 1103 771
15635 1 1114 755
15636 0 1103 771
15636 1 1114 756
15637 0 1103 772
15637 1 1113 756
15638 0 1103 772
15638 1 1112 757
15639 0 1103 772
15639 1 1112 757
15640 0 1103 773
15640 1 1111 757
15641 0 1103 773
15641 1 1110 758
15642 0 1103 774
15642 1 1109 758
15643 0 1103 774
15643 1 1108 759
15644 0 1103 775
15644 1 1107 759
15645 0 1103 776
15645 1 1106 760
15646 0 1103 776
15646 1 1106 760
15647 0 1103 776
15647 1 1106 760
15648 0 1103 776
15648 1 1106 760
15649 0 1103 776
15649 1 1106 760
15650 0 1103 776
15650 1 1105 760
15651 0 1103 776
15651 1 1105 760
15652 0 1103 776
15652 1 1105 760
15653 0 1103 777
15653 1 1105 760
15654 0 1103 777
15654 1 1105 761
15655 0 1103 777
15655 1 1105 762
15656 0 1103 777
15656 1 1105 762
15657 0 1103 777
15657 1 1105 763
15658 0 1103 777
15658 1 1105 763
15659 0 1103 777
15659 1 1105 763
15660 0 1103 778
15660 1 1105 763
15661 0 1103 778
15661 1 1105 763
15662 0 1103 779
15662 1 1105 763
15663 0 1103 780
15663 1 1105 764
15664 0 1103 782
15664 1 1105 765
15665 0 1102 783
15665 1 1105 766
15666 0 1102 784
15666 1 1105 767
15667 0 1102 785
15667 1 1105 768
15668 0 1102 785
15668 1 1105 769
15669 0 1102 786
15669 1 1105 769
15670 0 1102 786
15670 1 1105 770
15671 0 1102 787
15671 1 1104 771
15672 0 1102 787
15672 1 1104 772
15673 0 1102 788
15673 1 1104 772
15674 0 1101 788
15674 1 1104 773
15675 0 1101 788
15675 1 1104 773
15676 0 1101 789
15676 1 1104 774
15677 0 1101 790
15677 1 1104 775
15678 0 1101 791
15678 1 1104 776
15679 0 1101 792
15679 1 1104 776
15680 0 1100 793
15680 1 1104 776
15681 0 1100 794
15681 1 1104 776
15682 0 1100 796
15682 1 1104 777
15683 0 1099 797
15683 1 1103 778
15684 0 1099 798
15684 1 1103 778
15685 0 1099 799
15685 1 1102 779
15686 0 1099 799
15686 1 1102 780
15687 0 1099 799
15687 1 1102 781
15688 0 1099 799
15688 1 1102 782
15689 0 1099 799
15689 1 1101 783
15690 0 1099 800
15690 1 1101 784
15691 0 1099 800
15691 1 1101 784
15692 0 1099 801
15692 1 1101 784
15693 0 1098 802
15693 1 1101 785
15694 0 1098 803
15694 1 1101 786
15695 0 1098 804
15695 1 1101 787
15696 0 1097 805
15696 1 1101 788
15697 0 1097 806
15697 1 1101 789
15698 0 1097 807
15698 1 1101 791
15699 0 1097 807
15699 1 1101 792
15700 0 1097 808
15700 1 1101 793
15701 0 1097 809
15701 1 1100 794
15702 0 1097 809
15702 1 1100 795
15703 0 1097 810
15703 1 1100 795
15704 0 1096 812
15704 1 1100 796
15705 0 1096 813
15705 1 1100 797
15706 0 1095 814
15706 1 1100 798
15707 0 1095 816
15707 1 1100 799
15708 0 1095 817
15708 1 1100 799
15709 0 1094 818
15709 1 1099 800
15710 0 1094 819
15710 1 1099 801
15711 0 1094 820
15711 1 1098 802
15712 0 1094 820
15712 1 1097 803
15713 0 1094 820
15713 1 1097 804
15714 0 1094 821
15714 1 1096 805
15715 0 1094 821
15715 1 1095 806
15716 0 1094 821
15716 1 1094 807
15717 0 1094 821
15717 1 1094 808
15718 0 1094 821
15718 1 1093 808
15719 0 1094 821
15719 1 1093 808
15720 0 1094 821
15720 1 1093 808
15721 0 1094 822
15721 1 1093 808
15722 0 1094 822
15722 1 1093 808
15723 0 1094 822
15723 1 1093 808
15724 0 1094 823
15724 1 1092 809
15725 0 1094 823
15725 1 1092 809
15726 0 1094 823
15726 1 1092 809
15727 0 1094 824
15727 1 1092 809
15728 0 1094 824
15728 1 1092 809
15729 0 1094 824
15729 1 1091 809
15730 0 1094 825
15730 1 1091 810
15731 0 1094 825
15731 1 1091 810
15732 0 1093 825
15732 1 1091 810
15733 0 1093 826
15733 1 1091 811
15734 0 1092 826
15734 1 1091 811
15735 0 1092 827
15735 1 1091 812
15736 0 1092 827
15736 1 1092 813
15737 0 1092 827
15737 1 1092 814
15738 0 1091 828
15738 1 1092 815
15739 0 1091 828
15739 1 1093 816
15740 0 1090 828
15740 1 1093 817
15741 0 1089 829
15741 1 1093 818
15742 0 1089 830
15742 1 1094 819
15743 0 1089 830
15743 1 1094 819
15744 0 1088 831
15744 1 1094 820
15745 0 1088 832
15745 1 1095 821
15746 0 1088 833
15746 1 1095 821
15747 0 1088 834
15747 1 1095 821
15748 0 1088 835
15748 1 1095 821
15749 0 1088 836
15749 1 1095 821
15750 0 1089 837
15750 1 1095 821
15751 0 1089 838
15751 1 1095 821
15752 0 1090 839
15752 1 1095 821
15753 0 1090 839
15753 1 1095 821
15754 0 1090 840
15754 1 1095 822
15755 0 1090 840
15755 1 1095 822
15756 0 1090 840
15756 1 1095 822
15757 0 1091 841
15757 1 1095 822
15758 0 1092 842
15758 1 1095 823
15759 0 1091 844
15759 1 1095 823
15760 0 1091 844
15760 1 1095 823
15761 0 1091 844
15761 1 1094 824
15762 0 1092 844
15762 1 1094 824
15763 0 1092 844
15763 1 1094 824
15764 0 1092 844
15764 1 1093 825
15765 0 1092 844
15765 1 1093 826
15766 0 1092 845
15766 1 1093 826
15767 0 1092 845
15767 1 1093 826
15768 0 1093 846
15768 1 1092 827
15769 0 1094 846
15769 1 1092 827
15770 0 1094 846
15770 1 1092 827
15771 0 1094 847
15771 1 1092 828
15772 0 1094 847
15772 1 1091 828
15773 0 1094 847
15773 1 1091 829
15774 0 1095 847
15774 1 1091 829
15775 0 1095 847
15775 1 1090 828
15776 0 1095 847
15776 1 1091 829
15777 0 1095 847
15777 1 1091 830
15778 0 1096 848
15778 1 1091 830
15779 0 1096 848
15779 1 1091 831
15780 0 1096 848
15780 1 1091 831
15781 0 1096 848
15781 1 1091 832
15782 0 1096 848
15782 1 1091 832
15783 0 1097 849
15783 1 1092 833
15784 0 1097 849
15784 1 1092 833
15785 0 1098 850
15785 1 1093 834
15786 0 1098 851
15786 1 1093 835
15787 0 1099 852
15787 1 1093 836
15788 0 1100 852
15788 1 1094 836
15789 0 1101 853
15789 1 1094 837
15790 0 1102 854
15790 1 1095 838
15791 0 1103 856
15791 1 1095 838
15792 0 1104 857
15792 1 1095 839
15793 0 1105 858
15793 1 1096 840
15794 0 1105 860
15794 1 1096 841
15795 0 1106 861
15795 1 1097 842
15796 0 1107 862
15796 1 1097 843
15797 0 1107 863
15797 1 1098 844
15798 0 1108 864
15798 1 1099 845
15799 0 1108 865
15799 1 1099 846
15800 0 1109 865
15800 1 1100 847
15801 0 1110 866
15801 1 1101 848
15802 0 1110 866
15802 1 1101 848
15803 0 1111 867
15803 1 1102 848
15804 0 1111 867
15804 1 1102 849
15805 0 1111 867
15805 1 1102 849
15806 0 1111 867
15806 1 1103 849
15807 0 1111 868
15807 1 1103 850
15808 0 1112 869
15808 1 1104 850
15809 0 1112 869
15809 1 1105 850
15810 0 1113 870
15810 1 1106 851
15811 0 1113 871
15811 1 1107 851
15812 0 1113 873
15812 1 1108 851
15813 0 1113 874
15813 1 1110 851
15814 0 1113 875
15814 1 1111 851
15815 0 1113 876
15815 1 1111 851
15816 0 1113 876
15816 1 1112 851
15817 0 1113 876
15817 1 1113 852
15818 0 1113 876
15818 1 1113 852
15819 0 1113 876
15819 1 1113 852
15820 0 1113 876
15820 1 1114 852
15821 0 1113 876
15821 1 1114 852
15822 0 1113 876
15822 1 1114 852
15823 0 1113 876
15823 1 1114 852
15824 0 1113 876
15824 1 1114 852
15825 0 1113 876
15825 1 1114 852
15826 0 1113 876
15826 1 1114 852
15827 0 1113 876
15827 1 1114 851
15828 0 1113 877
15828 1 1114 851
15829 0 1113 877
15829 1 1114 851
15830 0 1113 877
15830 1 1114 851
15831 0 1113 877
15831 1 1114 851
15832 0 1113 877
15832 1 1114 851
15833 0 1113 878
15833 1 1114 852
15834 0 1113 878
15834 1 1114 852
15835 0 1113 878
15835 1 1114 853
15836 0 1113 878
15836 1 1114 854
15837 0 1113 878
15837 1 1114 855
15838 0 1113 878
15838 1 1113 856
15839 0 1113 878
15839 1 1112 857
15840 0 1113 878
15840 1 1112 858
15841 0 1113 878
15841 1 1111 859
15842 0 1113 878
15842 1 1110 860
15843 0 1113 878
15843 1 1109 862
15844 0 1113 878
15844 1 1109 863
15845 0 1113 878
15845 1 1109 864
15846 0 1113 878
15846 1 1108 865
15847 0 1113 879
15847 1 1108 866
15848 0 1113 879
15848 1 1108 866
15849 0 1113 879
15849 1 1108 866
15850 0 1113 879
15850 1 1108 866
15851 0 1114 880
15851 1 1108 866
15852 0 1114 880
15852 1 1108 866
15853 0 1114 881
15853 1 1108 866
15854 0 1114 882
15854 1 1108 867
15855 0 1113 884
15855 1 1108 867
15856 0 1113 885
15856 1 1108 867
15857 0 1113 886
15857 1 1108 868
15858 0 1112 888
15858 1 1108 868
15859 0 1112 889
15859 1 1108 869
15860 0 1112 890
15860 1 1109 869
15861 0 1112 890
15861 1 1110 870
15862 0 1112 891
15862 1 1110 871
15863 0 1112 891
15863 1 1111 872
15864 0 1112 891
15864 1 1112 873
15865 0 1112 892
15865 1 1113 873
15866 0 1112 892
15866 1 1114 874
15867 0 1112 892
15867 1 1115 875
15868 0 1112 892
15868 1 1116 876
15869 0 1112 893
15869 1 1116 876
15870 0 1112 894
15870 1 1117 877
15871 0 1112 894
15871 1 1117 878
15872 0 1112 895
15872 1 1117 878
15873 0 1112 895
15873 1 1117 878
15874 0 1112 895
15874 1 1117 878
15875 0 1112 895
15875 1 1117 879
15876 0 1112 896
15876 1 1117 879
15877 0 1112 896
15877 1 1117 880
15878 0 1112 897
15878 1 1117 880
15879 0 1113 898
15879 1 1117 880
15880 0 1113 899
15880 1 1117 880
15881 0 1114 900
15881 1 1117 881
15882 0 1115 901
15882 1 1117 881
15883 0 1115 902
15883 1 1117 881
15884 0 1116 903
15884 1 1117 881
15885 0 1117 904
15885 1 1117 882
15886 0 1117 904
15886 1 1116 882
15887 0 1118 905
15887 1 1116 883
15888 0 1118 906
15888 1 1116 884
15889 0 1118 906
15889 1 1115 885
15890 0 1118 906
15890 1 1115 886
15891 0 1118 906
15891 1 1114 887
15892 0 1118 906
15892 1 1114 888
15893 0 1118 906
15893 1 1113 889
15894 0 1118 905
15894 1 1113 890
15895 0 1118 905
15895 1 1113 891
15896 0 1118 905
15896 1 1113 891
15897 0 1118 905
15897 1 1113 891
15898 0 1118 905
15898 1 1112 891
15899 0 1118 905
15899 1 1112 891
15900 0 1118 906
15900 1 1112 891
15901 0 1118 906
15901 1 1112 891
15902 0 1118 907
15902 1 1112 891
15903 0 1117 908
15903 1 1112 891
15904 0 1117 909
15904 1 1112 891
15905 0 1115 911
15905 1 1112 892
15906 0 1114 912
15906 1 1112 892
15907 0 1113 913
15907 1 1113 893
15908 0 1112 914
15908 1 1113 894
15909 0 1110 915
15909 1 1114 895
15910 0 1109 916
15910 1 1114 896
15911 0 1109 916
15911 1 1115 896
15912 0 1109 916
15912 1 1116 897
15913 0 1109 916
15913 1 1116 897
15914 0 1109 916
15914 1 1116 898
15915 0 1109 916
15915 1 1117 899
15916 0 1109 916
15916 1 1117 899
15917 0 1108 916
15917 1 1118 900
15918 0 1108 916
15918 1 1118 900
15919 0 1107 916
15919 1 1118 900
15920 0 1107 916
15920 1 1118 901
15921 0 1106 916
15921 1 1118 902
15922 0 1106 916
15922 1 1118 902
15923 0 1105 916
15923 1 1118 902
15924 0 1105 916
15924 1 1118 902
15925 0 1104 916
15925 1 1118 902
15926 0 1104 916
15926 1 1118 902
15927 0 1103 916
15927 1 1117 903
15928 0 1102 916
15928 1 1117 904
15929 0 1101 916
15929 1 1116 904
15930 0 1100 916
15930 1 1115 905
15931 0 1099 915
15931 1 1114 905
15932 0 1098 914
15932 1 1113 906
15933 0 1097 914
15933 1 1112 906
15934 0 1096 913
15934 1 1111 907
15935 0 1095 913
15935 1 1110 908
15936 0 1095 912
15936 1 1110 908
15937 0 1093 911
15937 1 1109 908
15938 0 1092 910
15938 1 1108 908
15939 0 1090 909
15939 1 1107 909
15940 0 1089 908
15940 1 1106 909
15941 0 1087 907
15941 1 1105 909
15942 0 1086 907
15942 1 1104 909
15943 0 1085 906
15943 1 1104 909
15944 0 1085 906
15944 1 1103 909
15945 0 1085 906
15945 1 1101 909
15946 0 1085 905
15946 1 1100 909
15947 0 1084 904
15947 1 1099 909
15948 0 1084 903
15948 1 1098 908
15949 0 1084 903
15949 1 1098 908
15950 0 1084 903
15950 1 1098 908
15951 0 1084 902
15951 1 1098 908
15952 0 1084 901
15952 1 1098 908
15953 0 1084 900
15953 1 1098 908
15954 0 1084 899
15954 1 1098 908
15955 0 1084 898
15955 1 1098 908
15956 0 1084 897
15956 1 1098 908
15957 0 1084 896
15957 1 1098 908
15958 0 1084 895
15958 1 1097 908
15959 0 1084 894
15959 1 1096 908
15960 0 1084 893
15960 1 1096 907
15961 0 1084 893
15961 1 1096 907
15962 0 1084 892
15962 1 1096 907
15963 0 1084 892
15963 1 1095 906
15964 0 1084 892
15964 1 1095 906
15965 0 1084 891
15965 1 1095 905
15966 0 1084 891
15966 1 1095 905
15967 0 1084 891
15967 1 1095 905
15968 0 1084 891
15968 1 1095 905
15969 0 1081 888
15969 1 1093 909
15970 0 1081 888
15970 1 1093 909
15971 0 1081 888
15971 1 1093 909
15972 0 1081 887
15972 1 1093 909
15973 0 1081 886
15973 1 1093 910
15974 0 1081 886
15974 1 1093 909
15975 0 1081 885
15975 1 1092 909
15976 0 1081 885
15976 1 1091 909
15977 0 1081 885
15977 1 1090 910
15978 0 1080 884
15978 1 1089 910
15979 0 1080 883
15979 1 1088 911
15980 0 1080 882
15980 1 1087 911
15981 0 1080 881
15981 1 1086 911
15982 0 1079 880
15982 1 1085 911
15983 0 1079 880
15983 1 1084 911
15984 0 1079 880
15984 1 1083 911
15985 0 1079 880
15985 1 1082 911
15986 0 1079 880
15986 1 1081 911
15987 0 1079 879
15987 1 1081 911
15988 0 1079 879
15988 1 1080 911
15989 0 1079 879
15989 1 1080 911
15990 0 1079 879
15990 1 1080 911
15991 0 1079 879
15991 1 1080 911
15992 0 1079 879
15992 1 1080 911
15993 0 1079 879
15993 1 1079 910
15994 0 1079 878
15994 1 1080 910
15995 0 1079 878
15995 1 1080 910
15996 0 1079 878
15996 1 1080 910
15997 0 1079 877
15997 1 1080 910
15998 0 1079 877
15998 1 1081 910
15999 0 1079 876
15999 1 1082 910
16000 0 1079 876
16000 1 1082 910
16001 0 1079 875
16001 1 1083 910
16002 0 1079 875
16002 1 1083 910
16003 0 1079 874
16003 1 1083 910
16004 0 1079 874
16004 1 1083 910
16005 0 1079 874
16005 1 1083 910
16006 0 1079 873
16006 1 1082 911
16007 0 1079 873
16007 1 1082 911
16008 0 1079 872
16008 1 1082 911
16009 0 1079 871
16009 1 1082 912
16010 0 1079 871
16010 1 1082 912
16011 0 1078 870
16011 1 1081 913
16012 0 1078 870
16012 1 1081 913
16013 0 1078 870
16013 1 1081 913
16014 0 1078 870
16014 1 1081 912
16015 0 1078 870
16015 1 1080 912
16016 0 1078 870
16016 1 1080 912
16017 0 1078 870
16017 1 1081 912
16018 0 1077 869
16018 1 1081 912
16019 0 1077 869
16019 1 1082 912
16020 0 1077 869
16020 1 1082 913
16021 0 1077 869
16021 1 1082 913
16022 0 1076 868
16022 1 1083 912
16023 0 1075 867
16023 1 1083 912
16024 0 1074 867
16024 1 1083 912
16025 0 1073 866
16025 1 1084 912
16026 0 1073 866
16026 1 1085 912
16027 0 1072 865
16027 1 1085 911
16028 0 1072 865
16028 1 1086 910
16029 0 1072 865
16029 1 1088 910
16030 0 1072 865
16030 1 1089 909
16031 0 1072 865
16031 1 1090 908
16032 0 1072 865
16032 1 1091 908
16033 0 1072 865
16033 1 1093 908
16034 0 1072 865
16034 1 1094 908
16035 0 1072 865
16035 1 1095 908
16036 0 1072 865
16036 1 1096 908
16037 0 1072 865
16037 1 1097 907
16038 0 1072 865
16038 1 1099 906
16039 0 1072 865
16039 1 1100 906
16040 0 1072 865
16040 1 1101 905
16041 0 1072 865
16041 1 1101 905
16042 0 1072 865
16042 1 1101 905
16043 0 1072 865
16043 1 1101 905
16044 0 1072 865
16044 1 1101 905
16045 0 1072 865
16045 1 1101 905
16046 0 1072 865
16046 1 1101 905
16047 0 1072 865
16047 1 1102 904
16048 0 1072 865
16048 1 1102 904
16049 0 1072 865
16049 1 1103 904
16050 0 1072 865
16050 1 1104 904
16051 0 1072 865
16051 1 1105 904
16052 0 1071 865
16052 1 1106 904
16053 0 1071 864
16053 1 1106 904
16054 0 1070 864
16054 1 1107 905
16055 0 1069 863
16055 1 1108 906
16056 0 1067 862
16056 1 1109 907
16057 0 1066 861
16057 1 1109 908
16058 0 1065 860
16058 1 1109 909
16059 0 1064 859
16059 1 1109 910
16060 0 1063 858
16060 1 1109 911
16061 0 1062 858
16061 1 1109 913
16062 0 1062 858
16062 1 1109 914
16063 0 1062 858
16063 1 1108 915
16064 0 1062 858
16064 1 1108 916
16065 0 1062 858
16065 1 1108 917
16066 0 1062 858
16066 1 1107 917
16067 0 1062 858
16067 1 1107 917
16068 0 1062 858
16068 1 1106 918
16069 0 1062 858
16069 1 1105 918
16070 0 1062 858
16070 1 1104 918
16071 0 1061 857
16071 1 1103 918
16072 0 1061 857
16072 1 1102 918
16073 0 1061 857
16073 1 1101 918
16074 0 1061 857
16074 1 1099 918
16075 0 1061 857
16075 1 1098 918
16076 0 1061 857
16076 1 1097 917
16077 0 1061 857
16077 1 1096 917
16078 0 1061 857
16078 1 1095 917
16079 0 1061 857
16079 1 1093 917
16080 0 1061 857
16080 1 1092 917
16081 0 1061 857
16081 1 1092 917
16082 0 1061 857
16082 1 1091 917
16083 0 1061 857
16083 1 1091 918
16084 0 1061 857
16084 1 1090 918
16085 0 1061 857
16085 1 1090 918
16086 0 1061 857
16086 1 1089 918
16087 0 1061 857
16087 1 1089 919
16088 0 1061 857
16088 1 1088 919
16089 0 1060 856
16089 1 1088 919
16090 0 1059 856
16090 1 1088 920
16091 0 1058 855
16091 1 1088 920
16092 0 1058 855
16092 1 1088 920
16093 0 1057 854
16093 1 1088 921
16094 0 1057 854
16094 1 1088 921
16095 0 1057 854
16095 1 1088 921
16096 0 1057 854
16096 1 1088 921
16097 0 1056 854
16097 1 1088 921
16098 0 1055 853
16098 1 1088 922
16099 0 1055 853
16099 1 1088 922
16100 0 1054 852
16100 1 1088 922
16101 0 1053 852
16101 1 1088 922
16102 0 1052 852
16102 1 1088 922
16103 0 1052 852
16103 1 1088 922
16104 0 1052 852
16104 1 1088 922
16105 0 1052 852
16105 1 1088 922
16106 0 1052 852
16106 1 1088 922
16107 0 1052 852
16107 1 1088 922
16108 0 1052 852
16108 1 1088 922
16109 0 1052 852
16109 1 1088 923
16110 0 1052 852
16110 1 1088 923
16111 0 1052 852
16111 1 1088 923
16112 0 1052 852
16112 1 1088 923
16113 0 1052 852
16113 1 1088 923
16114 0 1052 852
16114 1 1088 923
16115 0 1052 852
16115 1 1088 923
16116 0 1052 852
16116 1 1088 923
16117 0 1052 852
16117 1 1088 923
16118 0 1052 852
16118 1 1088 923
16119 0 1052 852
16119 1 1088 923
16120 0 1052 852
16120 1 1089 923
16121 0 1052 852
16121 1 1089 923
16122 0 1052 852
16122 1 1089 923
16123 0 1052 852
16123 1 1090 923
16124 0 1052 852
16124 1 1090 923
16125 0 1052 852
16125 1 1090 923
16126 0 1052 852
16126 1 1089 923
16127 0 1052 852
16127 1 1088 923
16128 0 1052 852
16128 1 1088 923
16129 0 1052 852
16129 1 1087 923
16130 0 1052 852
16130 1 1086 922
16131 0 1052 852
16131 1 1085 922
16132 0 1052 852
16132 1 1084 921
16133 0 1052 852
16133 1 1083 920
16134 0 1052 852
16134 1 1082 920
16135 0 1052 852
16135 1 1081 920
16136 0 1052 852
16136 1 1079 919
16137 0 1051 852
16137 1 1078 919
16138 0 1051 852
16138 1 1077 918
16139 0 1051 852
16139 1 1075 918
16140 0 1050 852
16140 1 1073 918
16141 0 1050 852
16141 1 1072 918
16142 0 1049 852
16142 1 1071 917
16143 0 1049 853
16143 1 1070 916
16144 0 1049 853
16144 1 1069 916
16145 0 1048 853
16145 1 1068 916
16146 0 1046 853
16146 1 1068 916
16147 0 1045 853
16147 1 1067 916
16148 0 1044 853
16148 1 1066 916
16149 0 1044 853
16149 1 1065 916
16150 0 1044 853
16150 1 1065 916
16151 0 1044 853
16151 1 1064 916
16152 0 1044 853
16152 1 1064 916
16153 0 1043 853
16153 1 1064 916
16154 0 1043 853
16154 1 1064 916
16155 0 1042 853
16155 1 1064 916
16156 0 1042 853
16156 1 1064 916
16157 0 1041 853
16157 1 1063 916
16158 0 1041 853
16158 1 1062 915
16159 0 1040 853
16159 1 1062 915
16160 0 1039 853
16160 1 1062 915
16161 0 1038 853
16161 1 1061 915
16162 0 1037 853
16162 1 1060 914
16163 0 1036 853
16163 1 1060 914
16164 0 1035 853
16164 1 1059 914
16165 0 1035 853
16165 1 1058 914
16166 0 1035 853
16166 1 1058 914
16167 0 1035 853
16167 1 1058 914
16168 0 1035 853
16168 1 1058 914
16169 0 1035 853
16169 1 1059 914
16170 0 1035 853
16170 1 1059 914
16171 0 1035 853
16171 1 1059 914
16172 0 1035 853
16172 1 1059 914
16173 0 1035 853
16173 1 1060 914
16174 0 1035 853
16174 1 1059 914
16175 0 1035 853
16175 1 1059 912
16176 0 1035 853
16176 1 1059 911
16177 0 1035 853
16177 1 1058 911
16178 0 1035 853
16178 1 1058 911
16179 0 1034 853
16179 1 1058 911
16180 0 1034 853
16180 1 1058 911
16181 0 1033 853
16181 1 1058 911
16182 0 1033 854
16182 1 1058 911
16183 0 1031 855
16183 1 1058 910
16184 0 1031 856
16184 1 1058 910
16185 0 1030 857
16185 1 1058 910
16186 0 1030 858
16186 1 1059 910
16187 0 1029 858
16187 1 1059 908
16188 0 1029 859
16188 1 1060 908
16189 0 1029 859
16189 1 1061 908
16190 0 1029 859
16190 1 1062 907
16191 0 1029 859
16191 1 1062 906
16192 0 1029 859
16192 1 1062 906
16193 0 1029 859
16193 1 1063 906
16194 0 1029 859
16194 1 1064 905
16195 0 1029 859
16195 1 1065 904
16196 0 1029 859
16196 1 1065 903
16197 0 1029 859
16197 1 1065 902
16198 0 1029 859
16198 1 1066 902
16199 0 1029 859
16199 1 1066 901
16200 0 1029 859
16200 1 1067 900
16201 0 1029 859
16201 1 1067 898
16202 0 1029 859
16202 1 1067 898
16203 0 1029 859
16203 1 1067 898
16204 0 1029 859
16204 1 1067 897
16205 0 1029 859
16205 1 1067 896
16206 0 1029 859
16206 1 1067 896
16207 0 1029 859
16207 1 1067 896
16208 0 1029 859
16208 1 1067 896
16209 0 1029 859
16209 1 1068 896
16210 0 1029 859
16210 1 1069 895
16211 0 1029 859
16211 1 1070 894
16212 0 1029 859
16212 1 1071 893
16213 0 1029 859
16213 1 1072 892
16214 0 1029 859
16214 1 1074 892
16215 0 1029 859
16215 1 1074 892
16216 0 1029 859
16216 1 1075 891
16217 0 1029 860
16217 1 1076 891
16218 0 1029 860
16218 1 1077 890
16219 0 1029 860
16219 1 1077 889
16220 0 1028 860
16220 1 1078 888
16221 0 1028 860
16221 1 1078 887
16222 0 1028 860
16222 1 1079 887
16223 0 1028 860
16223 1 1080 886
16224 0 1027 860
16224 1 1080 885
16225 0 1027 861
16225 1 1080 884
16226 0 1026 861
16226 1 1080 883
16227 0 1026 861
16227 1 1080 883
16228 0 1025 861
16228 1 1080 882
16229 0 1024 861
16229 1 1080 882
16230 0 1023 861
16230 1 1080 881
16231 0 1023 861
16231 1 1080 880
16232 0 1021 862
16232 1 1079 879
16233 0 1020 862
16233 1 1079 878
16234 0 1019 862
16234 1 1078 878
16235 0 1019 862
16235 1 1077 877
16236 0 1018 862
16236 1 1076 876
16237 0 1018 862
16237 1 1075 875
16238 0 1018 862
16238 1 1074 874
16239 0 1017 862
16239 1 1072 873
16240 0 1016 862
16240 1 1071 873
16241 0 1015 861
16241 1 1070 873
16242 0 1014 860
16242 1 1069 873
16243 0 1013 860
16243 1 1067 873
16244 0 1012 859
16244 1 1066 873
16245 0 1011 858
16245 1 1065 873
16246 0 1010 857
16246 1 1064 873
16247 0 1009 856
16247 1 1063 872
16248 0 1009 855
16248 1 1062 871
16249 0 1008 854
16249 1 1061 871
16250 0 1007 853
16250 1 1059 870
16251 0 1007 853
16251 1 1059 869
16252 0 1006 852
16252 1 1058 869
16253 0 1006 852
16253 1 1058 868
16254 0 1005 852
16254 1 1057 867
16255 0 1005 852
16255 1 1056 866
16256 0 1004 851
16256 1 1055 865
16257 0 1003 851
16257 1 1055 864
16258 0 1002 851
16258 1 1055 862
16259 0 1002 851
16259 1 1055 861
16260 0 1001 851
16260 1 1055 860
16261 0 1000 850
16261 1 1055 859
16262 0 999 850
16262 1 1056 858
16263 0 998 850
16263 1 1056 857
16264 0 997 850
16264 1 1057 856
16265 0 996 850
16265 1 1057 855
16266 0 995 850
16266 1 1058 853
16267 0 994 850
16267 1 1058 851
16268 0 993 850
16268 1 1058 850
16269 0 992 850
16269 1 1057 849
16270 0 991 850
16270 1 1057 847
16271 0 990 850
16271 1 1057 846
16272 0 989 850
16272 1 1057 846
16273 0 989 850
16273 1 1056 845
16274 0 988 850
16274 1 1056 844
16275 0 988 850
16275 1 1056 844
16276 0 987 850
16276 1 1055 844
16277 0 985 850
16277 1 1054 843
16278 0 984 850
16278 1 1053 843
16279 0 984 850
16279 1 1052 843
16280 0 983 850
16280 1 1050 844
16281 0 982 849
16281 1 1048 845
16282 0 981 850
16282 1 1047 845
16283 0 980 849
16283 1 1045 846
16284 0 980 849
16284 1 1045 846
16285 0 979 848
16285 1 1044 847
16286 0 978 848
16286 1 1042 848
16287 0 978 847
16287 1 1041 850
16288 0 977 847
16288 1 1040 851
16289 0 977 847
16289 1 1039 852
16290 0 977 847
16290 1 1038 854
16291 0 977 847
16291 1 1038 854
16292 0 976 846
16292 1 1037 856
16293 0 975 846
16293 1 1036 857
16294 0 974 845
16294 1 1035 858
16295 0 973 845
16295 1 1034 859
16296 0 972 844
16296 1 1033 860
16297 0 971 844
16297 1 1032 860
16298 0 970 844
16298 1 1031 861
16299 0 970 844
16299 1 1029 861
16300 0 969 844
16300 1 1028 861
16301 0 969 844
16301 1 1027 862
16302 0 968 844
16302 1 1026 862
16303 0 968 844
16303 1 1025 862
16304 0 968 844
16304 1 1024 861
16305 0 968 844
16305 1 1023 861
16306 0 968 844
16306 1 1022 861
16307 0 968 844
16307 1 1022 860
16308 0 968 844
16308 1 1022 860
16309 0 968 844
16309 1 1022 860
16310 0 968 844
16310 1 1021 859
16311 0 968 843
16311 1 1020 858
16312 0 968 843
16312 1 1019 857
16313 0 968 843
16313 1 1019 856
16314 0 967 842
16314 1 1019 856
16315 0 967 842
16315 1 1018 856
16316 0 967 841
16316 1 1018 855
16317 0 966 841
16317 1 1017 854
16318 0 966 839
16318 1 1016 853
16319 0 965 838
16319 1 1015 853
16320 0 965 837
16320 1 1015 853
16321 0 965 835
16321 1 1014 852
16322 0 964 833
16322 1 1013 851
16323 0 963 831
16323 1 1012 851
16324 0 963 830
16324 1 1011 851
16325 0 962 829
16325 1 1011 851
16326 0 962 828
16326 1 1010 851
16327 0 962 826
16327 1 1009 851
16328 0 961 824
16328 1 1008 852
16329 0 961 822
16329 1 1007 853
16330 0 961 821
16330 1 1006 853
16331 0 960 819
16331 1 1005 855
16332 0 960 817
16332 1 1004 855
16333 0 960 816
16333 1 1003 856
16334 0 959 815
16334 1 1003 857
16335 0 959 814
16335 1 1002 857
16336 0 958 813
16336 1 1002 858
16337 0 958 812
16337 1 1002 858
16338 0 958 812
16338 1 1001 858
16339 0 958 812
16339 1 1001 858
16340 0 958 811
16340 1 1000 859
16341 0 957 810
16341 1 1000 859
16342 0 956 809
16342 1 1000 859
16343 0 956 808
16343 1 999 859
16344 0 956 807
16344 1 998 859
16345 0 955 806
16345 1 997 858
16346 0 955 806
16346 1 996 858
16347 0 954 805
16347 1 995 857
16348 0 954 804
16348 1 994 857
16349 0 953 802
16349 1 993 856
16350 0 953 801
16350 1 992 855
16351 0 952 800
16351 1 991 855
16352 0 952 800
16352 1 991 855
16353 0 952 799
16353 1 991 853
16354 0 951 798
16354 1 990 852
16355 0 951 798
16355 1 990 851
16356 0 951 797
16356 1 989 851
16357 0 951 797
16357 1 989 850
16358 0 950 796
16358 1 988 849
16359 0 950 796
16359 1 988 848
16360 0 950 796
16360 1 987 848
16361 0 949 795
16361 1 986 847
16362 0 949 794
16362 1 985 847
16363 0 949 794
16363 1 985 846
16364 0 948 793
16364 1 984 846
16365 0 947 793
16365 1 983 845
16366 0 946 792
16366 1 982 845
16367 0 945 791
16367 1 981 844
16368 0 944 791
16368 1 980 844
16369 0 944 791
16369 1 979 843
16370 0 943 790
16370 1 979 843
16371 0 942 790
16371 1 978 842
16372 0 941 789
16372 1 978 842
16373 0 940 789
16373 1 977 841
16374 0 940 789
16374 1 977 840
16375 0 940 789
16375 1 977 839
16376 0 940 789
16376 1 976 838
16377 0 940 789
16377 1 976 838
16378 0 940 789
16378 1 976 837
16379 0 941 789
16379 1 977 836
16380 0 941 789
16380 1 978 836
16381 0 941 789
16381 1 978 835
16382 0 941 789
16382 1 980 834
16383 0 941 789
16383 1 981 833
