FRAME   ID  X   Y (0 is Leader, 1 is Follower)
1 0 826 524
1 1 804 519
2 0 826 524
2 1 804 519
3 0 828 525
3 1 805 521
4 0 828 524
4 1 805 521
5 0 829 525
5 1 806 522
6 0 828 524
6 1 807 523
7 0 829 525
7 1 808 522
8 0 828 524
8 1 806 522
9 0 829 525
9 1 805 522
10 0 828 525
10 1 805 522
11 0 829 525
11 1 806 522
12 0 828 525
12 1 807 522
13 0 829 525
13 1 807 522
14 0 829 525
14 1 807 522
15 0 830 525
15 1 807 522
16 0 832 525
16 1 808 521
17 0 833 525
17 1 809 520
18 0 835 526
18 1 809 521
19 0 836 527
19 1 810 520
20 0 837 526
20 1 812 520
21 0 838 527
21 1 813 520
22 0 839 526
22 1 814 520
23 0 839 527
23 1 817 520
24 0 839 526
24 1 818 521
25 0 839 527
25 1 820 520
26 0 839 526
26 1 820 521
27 0 840 527
27 1 820 520
28 0 842 526
28 1 820 521
29 0 844 527
29 1 820 520
30 0 846 527
30 1 822 522
31 0 848 527
31 1 823 523
32 0 849 527
32 1 823 523
33 0 849 526
33 1 823 524
34 0 849 527
34 1 824 526
35 0 849 526
35 1 827 528
36 0 849 527
36 1 827 529
37 0 849 526
37 1 828 529
38 0 850 526
38 1 830 530
39 0 851 526
39 1 831 531
40 0 851 526
40 1 831 531
41 0 851 526
41 1 832 531
42 0 851 526
42 1 833 532
43 0 851 526
43 1 832 532
44 0 851 526
44 1 833 532
45 0 851 526
45 1 832 532
46 0 852 526
46 1 833 532
47 0 853 526
47 1 833 532
48 0 853 526
48 1 833 532
49 0 854 526
49 1 833 532
50 0 857 526
50 1 833 532
51 0 858 525
51 1 834 531
52 0 859 524
52 1 836 529
53 0 859 525
53 1 836 528
54 0 859 524
54 1 837 528
55 0 860 525
55 1 837 527
56 0 861 524
56 1 838 525
57 0 860 525
57 1 840 524
58 0 861 524
58 1 841 524
59 0 860 525
59 1 841 523
60 0 861 525
60 1 841 522
61 0 861 525
61 1 842 522
62 0 861 525
62 1 843 522
63 0 861 525
63 1 843 521
64 0 862 525
64 1 843 520
65 0 864 526
65 1 844 521
66 0 865 527
66 1 844 520
67 0 865 527
67 1 844 521
68 0 866 527
68 1 845 520
69 0 868 528
69 1 844 521
70 0 869 529
70 1 845 520
71 0 869 529
71 1 845 521
72 0 869 529
72 1 845 520
73 0 869 529
73 1 846 521
74 0 869 529
74 1 847 521
75 0 869 529
75 1 847 521
76 0 869 529
76 1 848 522
77 0 869 529
77 1 850 523
78 0 869 529
78 1 850 522
79 0 869 529
79 1 850 523
80 0 870 528
80 1 851 523
81 0 872 529
81 1 850 523
82 0 873 528
82 1 851 523
83 0 874 528
83 1 850 523
84 0 876 528
84 1 851 523
85 0 878 528
85 1 851 523
86 0 880 528
86 1 852 523
87 0 882 527
87 1 855 523
88 0 883 526
88 1 855 523
89 0 883 526
89 1 857 523
90 0 884 526
90 1 859 524
91 0 885 526
91 1 860 525
92 0 884 526
92 1 862 524
93 0 885 526
93 1 863 525
94 0 884 526
94 1 862 524
95 0 885 526
95 1 863 525
96 0 885 525
96 1 862 524
97 0 886 524
97 1 864 525
98 0 888 524
98 1 865 525
99 0 890 524
99 1 865 525
100 0 892 523
100 1 866 525
101 0 893 522
101 1 868 525
102 0 893 522
102 1 870 525
103 0 894 522
103 1 872 525
104 0 895 522
104 1 874 525
105 0 894 522
105 1 875 524
106 0 895 522
106 1 875 525
107 0 894 522
107 1 876 524
108 0 895 522
108 1 877 525
109 0 896 521
109 1 876 524
110 0 897 520
110 1 877 525
111 0 898 520
111 1 876 524
112 0 900 520
112 1 877 525
113 0 901 520
113 1 876 524
114 0 902 519
114 1 878 525
115 0 903 518
115 1 879 524
116 0 903 519
116 1 879 525
117 0 904 518
117 1 880 525
118 0 906 518
118 1 882 525
119 0 908 518
119 1 883 525
120 0 910 517
120 1 883 525
121 0 911 516
121 1 884 526
122 0 910 517
122 1 885 527
123 0 911 516
123 1 884 526
124 0 912 516
124 1 885 527
125 0 913 516
125 1 884 526
126 0 913 516
126 1 885 527
127 0 913 516
127 1 885 527
128 0 913 516
128 1 885 527
129 0 914 516
129 1 885 527
130 0 915 516
130 1 885 527
131 0 914 516
131 1 885 527
132 0 915 516
132 1 885 527
133 0 914 516
133 1 885 527
134 0 915 516
134 1 886 527
135 0 914 516
135 1 887 527
136 0 915 516
136 1 886 527
137 0 914 516
137 1 887 527
138 0 915 516
138 1 887 526
139 0 914 516
139 1 887 526
140 0 915 516
140 1 887 525
141 0 914 516
141 1 887 523
142 0 915 516
142 1 887 522
143 0 914 516
143 1 888 521
144 0 915 516
144 1 889 519
145 0 914 516
145 1 888 518
146 0 915 516
146 1 889 517
147 0 914 516
147 1 889 516
148 0 915 516
148 1 890 515
149 0 914 516
149 1 891 514
150 0 915 516
150 1 891 514
151 0 914 516
151 1 892 514
152 0 915 516
152 1 894 513
153 0 914 516
153 1 895 512
154 0 915 516
154 1 894 513
155 0 915 516
155 1 895 512
156 0 916 516
156 1 895 512
157 0 917 516
157 1 895 512
158 0 918 516
158 1 896 512
159 0 920 516
159 1 897 512
160 0 922 516
160 1 897 512
161 0 924 516
161 1 898 512
162 0 926 516
162 1 900 513
163 0 927 516
163 1 901 512
164 0 926 516
164 1 901 513
165 0 927 516
165 1 902 514
166 0 927 516
166 1 904 515
167 0 927 516
167 1 905 515
168 0 927 516
168 1 906 516
169 0 928 516
169 1 907 517
170 0 929 516
170 1 907 516
171 0 928 516
171 1 908 517
172 0 929 516
172 1 909 516
173 0 929 516
173 1 908 517
174 0 931 515
174 1 909 516
175 0 932 514
175 1 909 517
176 0 935 515
176 1 910 516
177 0 936 513
177 1 911 516
178 0 938 513
178 1 912 516
179 0 938 513
179 1 913 516
180 0 938 513
180 1 914 515
181 0 938 513
181 1 916 514
182 0 939 513
182 1 917 514
183 0 940 512
183 1 918 514
184 0 941 513
184 1 920 514
185 0 942 512
185 1 921 514
186 0 944 512
186 1 921 514
187 0 945 512
187 1 921 514
188 0 946 512
188 1 922 515
189 0 948 512
189 1 923 514
190 0 950 512
190 1 924 515
191 0 951 512
191 1 925 514
192 0 951 512
192 1 926 515
193 0 951 512
193 1 928 514
194 0 951 512
194 1 929 515
195 0 952 512
195 1 930 514
196 0 953 512
196 1 932 514
197 0 952 512
197 1 932 514
198 0 953 512
198 1 933 514
199 0 953 513
199 1 932 514
200 0 953 512
200 1 933 514
201 0 953 513
201 1 933 513
202 0 954 513
202 1 933 512
203 0 956 514
203 1 933 513
204 0 957 515
204 1 934 512
205 0 958 516
205 1 935 512
206 0 960 517
206 1 935 512
207 0 961 517
207 1 936 511
208 0 960 517
208 1 938 510
209 0 961 517
209 1 940 510
210 0 960 517
210 1 941 510
211 0 961 517
211 1 942 510
212 0 961 517
212 1 943 510
213 0 961 517
213 1 943 510
214 0 961 517
214 1 943 510
215 0 962 517
215 1 943 510
216 0 964 518
216 1 943 510
217 0 966 519
217 1 943 510
218 0 967 518
218 1 944 511
219 0 968 520
219 1 945 510
220 0 971 521
220 1 945 511
221 0 972 521
221 1 946 512
222 0 974 522
222 1 947 513
223 0 975 523
223 1 947 513
224 0 975 523
224 1 948 513
225 0 975 523
225 1 950 514
226 0 975 523
226 1 951 515
227 0 975 523
227 1 951 515
228 0 975 523
228 1 952 515
229 0 975 523
229 1 953 515
230 0 975 523
230 1 953 515
231 0 975 523
231 1 954 515
232 0 975 523
232 1 956 515
233 0 975 523
233 1 956 515
234 0 975 523
234 1 957 515
235 0 975 523
235 1 957 515
236 0 975 523
236 1 958 515
237 0 975 523
237 1 960 515
238 0 975 523
238 1 961 515
239 0 975 523
239 1 961 515
240 0 976 523
240 1 961 515
241 0 977 523
241 1 962 515
242 0 976 523
242 1 963 515
243 0 977 523
243 1 962 515
244 0 976 523
244 1 963 515
245 0 977 523
245 1 963 514
246 0 978 524
246 1 963 515
247 0 980 525
247 1 963 514
248 0 981 525
248 1 963 515
249 0 983 526
249 1 963 514
250 0 985 528
250 1 963 514
251 0 987 528
251 1 963 514
252 0 989 529
252 1 963 514
253 0 990 528
253 1 964 515
254 0 991 529
254 1 965 515
255 0 991 528
255 1 965 515
256 0 991 529
256 1 965 516
257 0 991 528
257 1 966 518
258 0 991 529
258 1 967 519
259 0 992 527
259 1 967 519
260 0 993 527
260 1 967 520
261 0 993 527
261 1 967 522
262 0 993 527
262 1 968 523
263 0 994 527
263 1 969 523
264 0 995 527
264 1 968 523
265 0 994 527
265 1 969 524
266 0 995 527
266 1 969 525
267 0 994 527
267 1 969 525
268 0 994 527
268 1 969 526
269 0 994 527
269 1 969 527
270 0 994 527
270 1 969 526
271 0 994 527
271 1 970 527
272 0 994 527
272 1 971 527
273 0 994 527
273 1 971 527
274 0 994 527
274 1 971 527
275 0 994 527
275 1 972 527
276 0 994 527
276 1 973 527
277 0 994 527
277 1 973 527
278 0 994 527
278 1 973 527
279 0 994 527
279 1 974 527
280 0 994 527
280 1 975 527
281 0 994 527
281 1 975 527
282 0 995 527
282 1 975 527
283 0 994 528
283 1 975 527
284 0 995 529
284 1 976 526
285 0 996 529
285 1 977 527
286 0 998 530
286 1 977 526
287 0 999 531
287 1 977 526
288 0 1001 532
288 1 977 526
289 0 1002 533
289 1 978 526
290 0 1004 533
290 1 979 526
291 0 1005 533
291 1 979 526
292 0 1005 533
292 1 980 526
293 0 1005 533
293 1 982 526
294 0 1005 533
294 1 983 527
295 0 1006 533
295 1 983 526
296 0 1007 533
296 1 984 528
297 0 1007 533
297 1 985 528
298 0 1007 533
298 1 985 528
299 0 1007 533
299 1 986 528
300 0 1007 533
300 1 988 527
301 0 1008 533
301 1 989 526
302 0 1009 533
302 1 989 526
303 0 1008 533
303 1 989 526
304 0 1009 533
304 1 990 526
305 0 1008 533
305 1 993 526
306 0 1009 533
306 1 993 526
307 0 1008 533
307 1 993 526
308 0 1009 533
308 1 993 526
309 0 1008 533
309 1 993 526
310 0 1009 533
310 1 993 526
311 0 1010 533
311 1 993 526
312 0 1012 533
312 1 994 526
313 0 1013 533
313 1 995 526
314 0 1014 533
314 1 994 526
315 0 1016 532
315 1 995 526
316 0 1017 532
316 1 995 526
317 0 1018 532
317 1 995 527
318 0 1019 532
318 1 996 527
319 0 1019 531
319 1 997 527
320 0 1019 531
320 1 997 528
321 0 1019 531
321 1 998 530
322 0 1019 531
322 1 999 531
323 0 1020 530
323 1 999 531
324 0 1021 530
324 1 1000 532
325 0 1021 530
325 1 1002 534
326 0 1021 530
326 1 1003 535
327 0 1021 530
327 1 1004 535
328 0 1021 530
328 1 1006 536
329 0 1021 530
329 1 1006 537
330 0 1021 530
330 1 1008 537
331 0 1021 530
331 1 1008 537
332 0 1021 530
332 1 1008 537
333 0 1021 530
333 1 1009 537
334 0 1021 530
334 1 1008 537
335 0 1021 530
335 1 1009 537
336 0 1021 530
336 1 1009 537
337 0 1021 530
337 1 1009 537
338 0 1021 530
338 1 1009 537
339 0 1022 530
339 1 1009 537
340 0 1024 529
340 1 1009 537
341 0 1025 528
341 1 1009 537
342 0 1026 528
342 1 1010 537
343 0 1028 528
343 1 1011 537
344 0 1028 527
344 1 1011 537
345 0 1028 526
345 1 1011 536
346 0 1029 527
346 1 1012 536
347 0 1028 526
347 1 1013 536
348 0 1029 527
348 1 1013 535
349 0 1028 526
349 1 1014 533
350 0 1029 527
350 1 1015 532
351 0 1028 526
351 1 1015 531
352 0 1029 527
352 1 1015 529
353 0 1029 526
353 1 1015 529
354 0 1030 526
354 1 1015 527
355 0 1032 525
355 1 1015 527
356 0 1034 524
356 1 1016 526
357 0 1037 525
357 1 1017 526
358 0 1038 524
358 1 1017 525
359 0 1040 525
359 1 1018 523
360 0 1041 524
360 1 1019 522
361 0 1041 525
361 1 1020 522
362 0 1041 524
362 1 1022 522
363 0 1042 525
363 1 1023 522
364 0 1043 524
364 1 1022 521
365 0 1043 525
365 1 1023 521
366 0 1043 524
366 1 1023 521
367 0 1044 525
367 1 1024 521
368 0 1045 524
368 1 1026 521
369 0 1045 525
369 1 1027 521
370 0 1045 524
370 1 1026 521
371 0 1046 525
371 1 1028 522
372 0 1047 524
372 1 1029 523
373 0 1048 525
373 1 1029 523
374 0 1050 524
374 1 1029 523
375 0 1052 525
375 1 1030 524
376 0 1054 524
376 1 1032 525
377 0 1056 524
377 1 1033 525
378 0 1057 524
378 1 1034 525
379 0 1057 523
379 1 1036 525
380 0 1058 522
380 1 1038 526
381 0 1060 522
381 1 1039 527
382 0 1061 522
382 1 1040 526
383 0 1061 522
383 1 1042 527
384 0 1062 521
384 1 1043 526
385 0 1063 520
385 1 1044 527
386 0 1063 520
386 1 1045 526
387 0 1064 519
387 1 1047 526
388 0 1065 518
388 1 1048 525
389 0 1064 519
389 1 1049 524
390 0 1065 518
390 1 1048 525
391 0 1065 518
391 1 1049 524
392 0 1065 518
392 1 1048 525
393 0 1067 517
393 1 1049 524
394 0 1068 515
394 1 1050 524
395 0 1070 514
395 1 1052 523
396 0 1071 514
396 1 1053 522
397 0 1071 513
397 1 1053 523
398 0 1071 512
398 1 1053 522
399 0 1072 512
399 1 1055 522
400 0 1073 512
400 1 1056 521
401 0 1073 511
401 1 1058 520
402 0 1074 509
402 1 1060 520
403 0 1075 508
403 1 1061 519
404 0 1075 508
404 1 1061 518
405 0 1076 508
405 1 1062 518
406 0 1077 508
406 1 1063 518
407 0 1076 508
407 1 1062 518
408 0 1078 507
408 1 1063 517
409 0 1079 505
409 1 1063 516
410 0 1080 505
410 1 1063 516
411 0 1082 504
411 1 1064 515
412 0 1084 504
412 1 1065 514
413 0 1086 504
413 1 1065 514
414 0 1088 504
414 1 1066 512
415 0 1090 504
415 1 1067 512
416 0 1091 504
416 1 1067 511
417 0 1090 504
417 1 1068 509
418 0 1091 504
418 1 1070 508
419 0 1091 504
419 1 1071 508
420 0 1091 504
420 1 1071 508
421 0 1091 504
421 1 1071 507
422 0 1091 504
422 1 1072 506
423 0 1091 504
423 1 1074 506
424 0 1091 504
424 1 1074 506
425 0 1091 504
425 1 1074 506
426 0 1091 504
426 1 1074 506
427 0 1091 504
427 1 1075 505
428 0 1091 504
428 1 1075 504
429 0 1091 504
429 1 1076 504
430 0 1091 504
430 1 1077 504
431 0 1091 504
431 1 1076 504
432 0 1091 504
432 1 1077 504
433 0 1091 504
433 1 1077 504
434 0 1092 504
434 1 1077 504
435 0 1090 503
435 1 1077 504
436 0 1090 502
436 1 1077 503
437 0 1091 503
437 1 1078 503
438 0 1091 503
438 1 1080 503
439 0 1092 503
439 1 1081 503
440 0 1093 503
440 1 1080 503
441 0 1094 504
441 1 1082 503
442 0 1095 504
442 1 1084 503
443 0 1096 504
443 1 1085 503
444 0 1093 504
444 1 1086 503
445 0 1093 504
445 1 1088 504
446 0 1094 504
446 1 1089 505
447 0 1096 504
447 1 1090 504
448 0 1096 504
448 1 1091 505
