FRAME   ID  X   Y (0 is Leader, 1 is Follower)
1 0 638 666
1 1 627 677
2 0 638 666
2 1 627 677
3 0 638 666
3 1 627 676
4 0 638 666
4 1 627 677
5 0 639 666
5 1 627 676
6 0 638 666
6 1 627 677
7 0 640 666
7 1 627 676
8 0 641 666
8 1 627 676
9 0 641 666
9 1 627 676
10 0 641 665
10 1 627 675
11 0 642 665
11 1 628 674
12 0 644 664
12 1 629 674
13 0 645 665
13 1 628 673
14 0 644 663
14 1 629 672
15 0 645 663
15 1 629 671
16 0 644 663
16 1 629 669
17 0 645 663
17 1 630 668
18 0 644 663
18 1 631 668
19 0 645 663
19 1 631 667
20 0 644 663
20 1 632 665
21 0 645 663
21 1 633 664
22 0 644 663
22 1 632 665
23 0 645 662
23 1 633 664
24 0 644 663
24 1 633 664
25 0 645 662
25 1 633 664
26 0 644 663
26 1 633 664
27 0 644 662
27 1 633 664
28 0 644 662
28 1 633 664
29 0 644 661
29 1 633 664
30 0 644 660
30 1 633 664
31 0 644 660
31 1 633 664
32 0 644 660
32 1 633 664
33 0 644 660
33 1 633 664
34 0 644 660
34 1 633 664
35 0 643 661
35 1 633 664
36 0 642 660
36 1 633 664
37 0 643 660
37 1 633 664
38 0 643 659
38 1 633 664
39 0 643 657
39 1 633 664
40 0 644 656
40 1 633 664
41 0 645 656
41 1 633 664
42 0 644 656
42 1 634 665
43 0 645 655
43 1 635 665
44 0 644 654
44 1 636 666
45 0 645 654
45 1 637 667
46 0 645 654
46 1 638 667
47 0 645 654
47 1 639 667
48 0 645 654
48 1 640 668
49 0 645 654
49 1 642 669
50 0 645 653
50 1 642 668
51 0 645 651
51 1 642 669
52 0 645 651
52 1 642 668
53 0 645 651
53 1 642 669
54 0 645 651
54 1 642 668
55 0 645 651
55 1 642 669
56 0 645 651
56 1 642 668
57 0 645 651
57 1 642 668
58 0 645 651
58 1 642 668
59 0 645 651
59 1 642 668
60 0 645 651
60 1 642 668
61 0 645 651
61 1 642 667
62 0 648 647
62 1 646 667
63 0 648 647
63 1 646 667
64 0 648 647
64 1 646 667
65 0 648 647
65 1 646 667
66 0 648 647
66 1 646 667
67 0 648 647
67 1 646 666
68 0 648 647
68 1 646 667
69 0 648 647
69 1 646 666
70 0 648 647
70 1 646 666
71 0 648 647
71 1 646 666
72 0 648 647
72 1 646 664
73 0 648 647
73 1 646 663
74 0 648 647
74 1 646 662
75 0 648 647
75 1 645 662
76 0 648 647
76 1 644 661
77 0 648 646
77 1 645 659
78 0 648 647
78 1 644 658
79 0 648 646
79 1 644 657
80 0 648 647
80 1 644 656
81 0 648 646
81 1 643 656
82 0 648 647
82 1 642 656
83 0 648 646
83 1 643 656
84 0 648 646
84 1 643 655
85 0 648 646
85 1 643 654
86 0 648 646
86 1 643 654
87 0 648 646
87 1 643 654
88 0 648 645
88 1 643 654
89 0 648 644
89 1 643 654
90 0 648 644
90 1 643 654
91 0 647 642
91 1 644 653
92 0 646 641
92 1 645 652
93 0 647 639
93 1 644 652
94 0 645 638
94 1 645 651
95 0 645 638
95 1 644 650
96 0 645 636
96 1 646 649
97 0 644 635
97 1 646 648
98 0 645 633
98 1 647 648
99 0 644 633
99 1 646 647
100 0 645 632
100 1 647 646
101 0 644 633
101 1 647 645
102 0 645 631
102 1 648 643
103 0 644 631
103 1 649 642
104 0 645 630
104 1 648 642
105 0 644 630
105 1 649 641
106 0 645 630
106 1 648 640
107 0 644 630
107 1 648 639
108 0 645 630
108 1 648 639
109 0 644 630
109 1 647 638
110 0 644 630
110 1 646 639
111 0 644 630
111 1 646 638
112 0 644 629
112 1 645 638
113 0 644 628
113 1 644 638
114 0 644 628
114 1 644 638
115 0 644 627
115 1 644 638
116 0 645 625
116 1 644 638
117 0 644 624
117 1 643 638
118 0 645 624
118 1 642 638
119 0 645 622
119 1 642 637
120 0 645 622
120 1 642 635
121 0 646 621
121 1 641 634
122 0 647 620
122 1 640 634
123 0 646 621
123 1 640 633
124 0 647 620
124 1 640 631
125 0 646 620
125 1 640 630
126 0 647 620
126 1 640 629
127 0 646 620
127 1 640 628
128 0 647 620
128 1 640 628
129 0 646 620
129 1 640 628
130 0 647 620
130 1 640 628
131 0 646 620
131 1 640 628
132 0 647 619
132 1 640 628
133 0 647 618
133 1 640 628
134 0 647 618
134 1 640 628
135 0 647 617
135 1 641 628
136 0 647 615
136 1 640 628
137 0 647 614
137 1 641 627
138 0 647 614
138 1 641 626
139 0 647 613
139 1 641 626
140 0 648 611
140 1 641 626
141 0 649 611
141 1 642 624
142 0 648 610
142 1 643 623
143 0 649 610
143 1 642 622
144 0 648 610
144 1 643 622
145 0 649 610
145 1 643 621
146 0 648 610
146 1 643 620
147 0 649 609
147 1 643 620
148 0 648 608
148 1 643 620
149 0 649 608
149 1 643 620
150 0 648 608
150 1 643 619
151 0 649 607
151 1 643 618
152 0 649 605
152 1 643 618
153 0 649 604
153 1 643 617
154 0 649 604
154 1 643 615
155 0 649 603
155 1 643 614
156 0 649 601
156 1 643 614
157 0 650 600
157 1 644 613
158 0 651 600
158 1 645 612
159 0 650 600
159 1 644 612
160 0 651 599
160 1 645 612
161 0 650 598
161 1 645 611
162 0 651 598
162 1 645 610
163 0 650 598
163 1 645 610
164 0 651 597
164 1 646 610
165 0 650 596
165 1 647 609
166 0 651 596
166 1 646 608
167 0 650 595
167 1 647 607
168 0 651 593
168 1 647 606
169 0 650 592
169 1 647 606
170 0 650 592
170 1 647 606
171 0 650 591
171 1 647 605
172 0 650 589
172 1 647 603
173 0 650 589
173 1 648 602
174 0 650 588
174 1 648 602
175 0 650 588
175 1 648 601
176 0 650 588
176 1 648 600
177 0 650 587
177 1 648 600
178 0 650 586
178 1 648 599
179 0 650 586
179 1 648 598
180 0 651 586
180 1 648 597
181 0 650 586
181 1 648 596
182 0 651 586
182 1 649 595
183 0 650 585
183 1 648 594
184 0 651 584
184 1 650 594
185 0 651 583
185 1 650 593
186 0 651 582
186 1 650 592
187 0 652 581
187 1 651 592
188 0 653 579
188 1 650 591
189 0 652 578
189 1 651 590
190 0 653 578
190 1 651 590
191 0 653 577
191 1 651 589
192 0 653 575
192 1 651 588
193 0 653 575
193 1 651 588
194 0 653 574
194 1 651 588
195 0 653 574
195 1 651 587
196 0 653 573
196 1 651 585
197 0 653 572
197 1 651 584
198 0 653 573
198 1 651 584
199 0 653 572
199 1 650 583
200 0 653 572
200 1 651 582
201 0 653 571
201 1 650 583
202 0 653 570
202 1 651 582
203 0 653 569
203 1 650 582
204 0 653 568
204 1 651 581
205 0 653 568
205 1 650 580
206 0 653 567
206 1 651 579
207 0 653 565
207 1 650 577
208 0 653 564
208 1 651 577
209 0 653 564
209 1 651 576
210 0 652 563
210 1 651 576
211 0 653 562
211 1 651 575
212 0 652 563
212 1 652 573
213 0 653 562
213 1 653 572
214 0 652 562
214 1 652 572
215 0 652 562
215 1 653 571
216 0 652 562
216 1 653 570
217 0 652 562
217 1 653 570
218 0 652 562
218 1 653 570
219 0 652 562
219 1 653 570
220 0 651 562
220 1 653 570
221 0 651 561
221 1 653 570
222 0 651 560
222 1 654 569
223 0 651 560
223 1 655 568
224 0 651 560
224 1 654 568
225 0 651 560
225 1 655 568
226 0 650 559
226 1 654 567
227 0 651 558
227 1 655 566
228 0 649 558
228 1 654 566
229 0 649 558
229 1 655 566
230 0 648 557
230 1 654 565
231 0 648 556
231 1 655 563
232 0 648 557
232 1 654 563
233 0 647 556
233 1 654 563
234 0 646 557
234 1 654 562
235 0 646 556
235 1 654 563
236 0 639 555
236 1 656 564
237 0 639 555
237 1 656 564
238 0 639 555
238 1 656 564
239 0 638 554
239 1 655 563
240 0 638 555
240 1 653 562
241 0 638 554
241 1 652 562
242 0 637 554
242 1 652 561
243 0 636 554
243 1 651 560
244 0 637 554
244 1 649 560
245 0 636 554
245 1 648 559
246 0 637 554
246 1 648 558
247 0 635 554
247 1 649 559
248 0 635 553
248 1 648 558
249 0 634 552
249 1 649 559
250 0 635 553
250 1 648 558
251 0 633 552
251 1 649 559
252 0 632 552
252 1 648 558
253 0 633 552
253 1 648 558
254 0 631 552
254 1 647 558
255 0 630 551
255 1 646 558
256 0 630 550
256 1 645 558
257 0 629 550
257 1 644 557
258 0 627 550
258 1 645 556
259 0 626 550
259 1 644 557
260 0 626 549
260 1 644 556
261 0 625 547
261 1 643 556
262 0 624 547
262 1 642 556
263 0 624 547
263 1 642 556
264 0 624 547
264 1 641 555
265 0 624 547
265 1 639 554
266 0 624 546
266 1 638 554
267 0 623 547
267 1 638 553
268 0 622 546
268 1 637 552
269 0 622 545
269 1 635 552
270 0 622 544
270 1 635 551
271 0 621 544
271 1 634 550
272 0 619 543
272 1 634 550
273 0 618 541
273 1 633 549
274 0 618 540
274 1 631 548
275 0 618 540
275 1 630 548
276 0 617 538
276 1 630 548
277 0 616 538
277 1 629 548
278 0 616 536
278 1 626 547
279 0 615 536
279 1 626 546
280 0 614 535
280 1 625 547
281 0 615 534
281 1 624 546
282 0 614 534
282 1 624 546
283 0 614 533
283 1 623 546
284 0 614 531
284 1 622 546
285 0 614 531
285 1 622 545
286 0 614 530
286 1 621 543
287 0 614 531
287 1 620 542
288 0 614 530
288 1 620 543
289 0 614 530
289 1 620 542
290 0 615 529
290 1 620 542
291 0 614 528
291 1 620 542
292 0 615 527
292 1 620 541
293 0 614 526
293 1 620 539
294 0 615 525
294 1 620 538
295 0 614 523
295 1 620 538
296 0 615 522
296 1 620 537
297 0 614 521
297 1 620 536
298 0 615 519
298 1 619 536
299 0 614 517
299 1 618 535
300 0 615 516
300 1 619 533
301 0 614 516
301 1 618 531
302 0 615 515
302 1 619 530
303 0 615 514
303 1 618 530
304 0 615 514
304 1 619 529
305 0 615 514
305 1 618 527
306 0 616 513
306 1 619 526
307 0 617 511
307 1 619 526
308 0 616 511
308 1 620 524
309 0 617 511
309 1 621 523
310 0 616 511
310 1 622 522
311 0 617 511
311 1 624 521
312 0 616 511
312 1 625 520
313 0 617 510
313 1 625 520
314 0 616 511
314 1 626 519
315 0 617 510
315 1 627 518
316 0 616 511
316 1 627 518
317 0 617 510
317 1 627 518
318 0 617 510
318 1 627 518
319 0 617 510
319 1 627 518
320 0 617 510
320 1 627 518
321 0 617 510
321 1 627 518
322 0 617 510
322 1 627 518
323 0 617 510
323 1 627 518
324 0 617 510
324 1 627 518
325 0 617 509
325 1 627 518
326 0 617 508
326 1 627 518
327 0 617 509
327 1 627 518
328 0 617 508
328 1 627 518
329 0 617 508
329 1 627 518
330 0 616 508
330 1 627 518
331 0 617 507
331 1 627 518
332 0 616 505
332 1 627 517
333 0 616 504
333 1 626 516
334 0 616 504
334 1 627 517
335 0 616 503
335 1 625 516
336 0 616 502
336 1 624 516
