FRAME   ID  X   Y (0 is Leader, 1 is Follower)
9592 0 646 558
9592 1 644 539
9593 0 646 558
9593 1 644 539
9594 0 646 559
9594 1 643 540
9595 0 646 559
9595 1 643 541
9596 0 646 559
9596 1 643 541
9597 0 646 559
9597 1 643 542
9598 0 646 559
9598 1 644 543
9599 0 646 559
9599 1 644 544
9600 0 646 559
9600 1 645 545
9601 0 647 560
9601 1 645 546
9602 0 647 560
9602 1 645 546
9603 0 647 560
9603 1 645 546
9604 0 647 562
9604 1 645 547
9605 0 647 563
9605 1 645 548
9606 0 648 565
9606 1 646 549
9607 0 648 566
9607 1 646 551
9608 0 648 568
9608 1 646 552
9609 0 647 569
9609 1 645 553
9610 0 647 571
9610 1 645 554
9611 0 647 572
9611 1 646 555
9612 0 646 573
9612 1 646 556
9613 0 646 574
9613 1 646 557
9614 0 646 574
9614 1 647 558
9615 0 646 574
9615 1 648 558
9616 0 645 575
9616 1 649 559
9617 0 644 575
9617 1 648 560
9618 0 644 575
9618 1 648 561
9619 0 643 575
9619 1 648 562
9620 0 643 575
9620 1 648 563
9621 0 642 576
9621 1 647 564
9622 0 641 577
9622 1 647 564
9623 0 640 578
9623 1 647 564
9624 0 639 579
9624 1 647 564
9625 0 638 579
9625 1 646 565
9626 0 637 580
9626 1 645 566
9627 0 636 580
9627 1 645 566
9628 0 636 580
9628 1 645 566
9629 0 635 580
9629 1 645 566
9630 0 635 580
9630 1 645 566
9631 0 635 580
9631 1 644 567
9632 0 635 580
9632 1 644 568
9633 0 635 580
9633 1 644 568
9634 0 636 580
9634 1 644 568
9635 0 636 581
9635 1 644 568
9636 0 636 581
9636 1 644 568
9637 0 636 582
9637 1 644 568
9638 0 636 583
9638 1 644 568
9639 0 636 584
9639 1 644 568
9640 0 636 585
9640 1 644 568
9641 0 636 586
9641 1 644 568
9642 0 636 588
9642 1 644 568
9643 0 636 589
9643 1 644 569
9644 0 636 590
9644 1 644 569
9645 0 636 591
9645 1 643 570
9646 0 637 592
9646 1 643 571
9647 0 637 592
9647 1 642 572
9648 0 638 593
9648 1 642 572
9649 0 638 594
9649 1 642 573
9650 0 638 594
9650 1 642 574
9651 0 638 594
9651 1 642 574
9652 0 639 595
9652 1 642 574
9653 0 640 595
9653 1 642 574
9654 0 641 595
9654 1 642 574
9655 0 642 596
9655 1 642 574
9656 0 643 597
9656 1 642 574
9657 0 643 597
9657 1 642 574
9658 0 644 598
9658 1 642 574
9659 0 645 599
9659 1 642 574
9660 0 646 599
9660 1 642 574
9661 0 646 599
9661 1 642 574
9662 0 646 599
9662 1 642 574
9663 0 646 599
9663 1 642 574
9664 0 646 599
9664 1 642 574
9665 0 646 599
9665 1 642 574
9666 0 646 599
9666 1 642 574
9667 0 646 599
9667 1 642 574
9668 0 646 599
9668 1 642 574
9669 0 646 599
9669 1 642 574
9670 0 646 599
9670 1 642 574
9671 0 646 599
9671 1 642 574
9672 0 646 599
9672 1 641 574
9673 0 646 599
9673 1 641 574
9674 0 646 599
9674 1 641 574
9675 0 646 600
9675 1 641 574
9676 0 646 600
9676 1 641 574
9677 0 646 600
9677 1 641 574
9678 0 646 600
9678 1 641 574
9679 0 646 600
9679 1 641 574
9680 0 646 600
9680 1 641 573
9681 0 646 600
9681 1 642 573
9682 0 646 600
9682 1 642 573
9683 0 646 600
9683 1 642 573
9684 0 646 600
9684 1 642 573
9685 0 646 600
9685 1 642 573
9686 0 646 600
9686 1 642 573
9687 0 646 600
9687 1 642 573
9688 0 646 600
9688 1 642 573
9689 0 646 600
9689 1 642 573
9690 0 646 600
9690 1 642 573
9691 0 646 600
9691 1 642 573
9692 0 646 600
9692 1 642 573
9693 0 646 600
9693 1 642 573
9694 0 646 600
9694 1 642 573
9695 0 646 600
9695 1 642 573
9696 0 646 600
9696 1 642 573
9697 0 646 600
9697 1 642 573
9698 0 646 600
9698 1 641 574
9699 0 646 600
9699 1 641 574
9700 0 646 600
9700 1 641 574
9701 0 646 600
9701 1 641 574
9702 0 646 600
9702 1 641 574
9703 0 646 600
9703 1 641 574
9704 0 646 600
9704 1 641 573
9705 0 646 600
9705 1 641 573
9706 0 646 600
9706 1 642 573
9707 0 646 600
9707 1 642 573
9708 0 646 600
9708 1 642 574
9709 0 646 600
9709 1 642 574
9710 0 646 600
9710 1 642 574
9711 0 646 600
9711 1 643 574
9712 0 646 600
9712 1 643 574
9713 0 646 600
9713 1 643 574
9714 0 646 600
9714 1 644 574
9715 0 646 600
9715 1 644 574
9716 0 646 600
9716 1 644 574
9717 0 646 600
9717 1 644 574
9718 0 646 600
9718 1 644 574
9719 0 646 600
9719 1 644 574
9720 0 646 600
9720 1 644 574
9721 0 646 600
9721 1 644 574
9722 0 646 600
9722 1 644 574
9723 0 646 600
9723 1 644 573
9724 0 646 600
9724 1 644 573
9725 0 646 600
9725 1 644 572
9726 0 646 600
9726 1 644 572
9727 0 646 600
9727 1 644 572
9728 0 646 600
9728 1 645 571
9729 0 646 600
9729 1 646 570
9730 0 646 600
9730 1 646 570
9731 0 646 600
9731 1 647 569
9732 0 646 600
9732 1 647 569
9733 0 646 600
9733 1 648 569
9734 0 646 600
9734 1 650 569
9735 0 646 600
9735 1 650 569
9736 0 646 600
9736 1 651 569
9737 0 646 600
9737 1 652 570
9738 0 646 600
9738 1 653 570
9739 0 646 600
9739 1 653 571
9740 0 646 600
9740 1 653 572
9741 0 646 600
9741 1 653 572
9742 0 646 600
9742 1 653 573
9743 0 646 599
9743 1 653 573
9744 0 646 599
9744 1 653 573
9745 0 646 599
9745 1 652 574
9746 0 646 599
9746 1 652 575
9747 0 646 599
9747 1 652 575
9748 0 646 599
9748 1 651 575
9749 0 646 599
9749 1 650 576
9750 0 646 599
9750 1 650 576
9751 0 646 599
9751 1 650 576
9752 0 646 599
9752 1 649 577
9753 0 646 599
9753 1 648 577
9754 0 646 599
9754 1 648 577
9755 0 646 599
9755 1 648 577
9756 0 646 599
9756 1 648 578
9757 0 646 599
9757 1 648 578
9758 0 646 599
9758 1 647 578
9759 0 646 599
9759 1 647 578
9760 0 646 599
9760 1 647 578
9761 0 646 599
9761 1 646 579
9762 0 646 599
9762 1 645 579
9763 0 646 599
9763 1 645 580
9764 0 646 599
9764 1 644 580
9765 0 646 599
9765 1 643 581
9766 0 646 599
9766 1 643 581
9767 0 646 599
9767 1 643 581
9768 0 646 599
9768 1 642 583
9769 0 646 599
9769 1 642 583
9770 0 646 599
9770 1 642 584
9771 0 646 599
9771 1 642 585
9772 0 646 599
9772 1 642 585
9773 0 646 598
9773 1 642 586
9774 0 646 598
9774 1 642 586
9775 0 647 597
9775 1 642 586
9776 0 648 596
9776 1 642 587
9777 0 648 596
9777 1 642 587
9778 0 649 595
9778 1 642 587
9779 0 650 594
9779 1 642 587
9780 0 651 593
9780 1 642 587
9781 0 652 593
9781 1 642 587
9782 0 653 592
9782 1 642 588
9783 0 654 591
9783 1 642 588
9784 0 655 590
9784 1 643 589
9785 0 656 590
9785 1 643 589
9786 0 657 590
9786 1 643 590
9787 0 657 590
9787 1 643 590
9788 0 658 590
9788 1 643 591
9789 0 658 590
9789 1 643 591
9790 0 659 590
9790 1 643 592
9791 0 660 590
9791 1 644 592
9792 0 661 590
9792 1 645 593
9793 0 662 590
9793 1 645 593
9794 0 662 591
9794 1 646 593
9795 0 663 591
9795 1 646 593
9796 0 663 591
9796 1 647 593
9797 0 665 592
9797 1 648 593
9798 0 666 593
9798 1 648 593
9799 0 667 593
9799 1 649 593
9800 0 668 593
9800 1 650 593
9801 0 669 594
9801 1 650 593
9802 0 670 595
9802 1 651 593
9803 0 671 596
9803 1 652 593
9804 0 671 596
9804 1 653 593
9805 0 671 596
9805 1 653 593
9806 0 671 596
9806 1 654 593
9807 0 671 596
9807 1 654 593
9808 0 672 597
9808 1 654 593
9809 0 672 597
9809 1 655 593
9810 0 673 598
9810 1 655 593
9811 0 673 599
9811 1 656 593
9812 0 674 600
9812 1 657 593
9813 0 675 601
9813 1 658 593
9814 0 676 602
9814 1 659 593
9815 0 676 602
9815 1 659 594
9816 0 676 602
9816 1 660 594
9817 0 676 603
9817 1 661 594
9818 0 676 603
9818 1 662 594
9819 0 676 604
9819 1 663 594
9820 0 676 604
9820 1 664 595
9821 0 676 605
9821 1 665 595
9822 0 676 605
9822 1 665 595
9823 0 676 606
9823 1 665 595
9824 0 676 607
9824 1 666 595
9825 0 677 608
9825 1 666 595
9826 0 677 609
9826 1 667 595
9827 0 677 610
9827 1 668 595
9828 0 677 611
9828 1 669 596
9829 0 677 611
9829 1 670 596
9830 0 677 611
9830 1 671 597
9831 0 677 611
9831 1 672 597
9832 0 677 611
9832 1 672 597
9833 0 677 611
9833 1 672 597
9834 0 677 611
9834 1 672 597
9835 0 677 611
9835 1 672 598
9836 0 677 612
9836 1 672 599
9837 0 677 613
9837 1 672 599
9838 0 676 614
9838 1 673 599
9839 0 676 614
9839 1 673 600
9840 0 676 613
9840 1 673 600
9841 0 676 613
9841 1 673 600
9842 0 675 615
9842 1 673 601
9843 0 675 616
9843 1 674 602
9844 0 675 616
9844 1 674 603
9845 0 675 616
9845 1 675 604
9846 0 675 617
9846 1 675 604
9847 0 675 618
9847 1 676 605
9848 0 674 619
9848 1 676 606
9849 0 674 619
9849 1 677 607
9850 0 674 619
9850 1 677 608
9851 0 674 619
9851 1 678 609
9852 0 674 619
9852 1 678 610
9853 0 674 620
9853 1 678 610
9854 0 674 621
9854 1 679 610
9855 0 674 621
9855 1 679 611
9856 0 674 623
9856 1 679 611
9857 0 674 624
9857 1 679 612
9858 0 674 626
9858 1 679 612
9859 0 674 627
9859 1 679 613
9860 0 674 629
9860 1 678 613
9861 0 674 631
9861 1 678 614
9862 0 674 632
9862 1 678 615
9863 0 674 632
9863 1 678 616
9864 0 674 633
9864 1 678 617
9865 0 674 633
9865 1 678 617
9866 0 674 633
9866 1 677 619
9867 0 674 633
9867 1 677 619
9868 0 674 633
9868 1 677 620
9869 0 674 633
9869 1 677 621
9870 0 674 633
9870 1 677 621
9871 0 674 633
9871 1 677 621
9872 0 674 633
9872 1 677 621
9873 0 674 634
9873 1 677 622
9874 0 674 634
9874 1 677 623
9875 0 674 635
9875 1 677 623
9876 0 673 636
9876 1 677 624
9877 0 673 637
9877 1 678 625
9878 0 672 638
9878 1 678 625
9879 0 671 640
9879 1 678 626
9880 0 670 641
9880 1 678 627
9881 0 670 642
9881 1 678 628
9882 0 669 643
9882 1 678 629
9883 0 669 643
9883 1 678 630
9884 0 669 644
9884 1 678 631
9885 0 668 644
9885 1 677 632
9886 0 667 645
9886 1 677 632
9887 0 667 646
9887 1 677 633
9888 0 663 651
9888 1 671 636
9889 0 663 651
9889 1 671 636
9890 0 663 651
9890 1 671 636
9891 0 662 651
9891 1 671 637
9892 0 662 651
9892 1 671 637
9893 0 662 651
9893 1 671 638
9894 0 662 652
9894 1 671 638
9895 0 662 652
9895 1 671 638
9896 0 662 652
9896 1 671 638
9897 0 662 652
9897 1 671 639
9898 0 661 653
9898 1 671 639
9899 0 660 654
9899 1 671 640
9900 0 660 655
9900 1 670 641
9901 0 659 656
9901 1 670 642
9902 0 658 657
9902 1 670 643
9903 0 658 657
9903 1 669 644
9904 0 658 657
9904 1 668 645
9905 0 658 657
9905 1 668 645
9906 0 658 657
9906 1 668 645
9907 0 658 657
9907 1 668 646
9908 0 658 657
9908 1 668 646
9909 0 658 657
9909 1 668 646
9910 0 658 657
9910 1 668 646
9911 0 658 657
9911 1 668 646
9912 0 658 657
9912 1 668 646
9913 0 658 657
9913 1 668 646
9914 0 658 657
9914 1 668 646
9915 0 658 656
9915 1 668 646
9916 0 658 656
9916 1 668 646
9917 0 658 656
9917 1 668 646
9918 0 658 656
9918 1 668 646
9919 0 658 656
9919 1 668 646
9920 0 658 656
9920 1 668 646
9921 0 658 656
9921 1 668 646
9922 0 658 656
9922 1 668 646
9923 0 659 656
9923 1 668 646
9924 0 659 656
9924 1 668 646
9925 0 660 656
9925 1 668 646
9926 0 660 656
9926 1 668 646
9927 0 661 656
9927 1 668 646
9928 0 661 656
9928 1 668 646
9929 0 660 657
9929 1 668 646
9930 0 660 657
9930 1 668 646
9931 0 660 657
9931 1 668 647
9932 0 660 657
9932 1 668 647
9933 0 660 657
9933 1 668 647
9934 0 661 657
9934 1 668 647
9935 0 661 657
9935 1 668 648
9936 0 662 657
9936 1 668 648
9937 0 662 657
9937 1 668 648
9938 0 663 657
9938 1 668 648
9939 0 664 657
9939 1 668 648
9940 0 665 657
9940 1 668 648
9941 0 665 657
9941 1 668 648
9942 0 665 657
9942 1 668 648
9943 0 665 657
9943 1 668 648
9944 0 665 657
9944 1 668 648
9945 0 665 657
9945 1 668 648
9946 0 665 657
9946 1 669 648
9947 0 665 657
9947 1 669 648
9948 0 665 657
9948 1 669 648
9949 0 665 656
9949 1 669 648
9950 0 665 656
9950 1 669 648
9951 0 665 655
9951 1 669 648
9952 0 665 655
9952 1 669 648
9953 0 665 656
9953 1 669 648
9954 0 665 656
9954 1 669 648
9955 0 665 655
9955 1 669 648
9956 0 665 655
9956 1 669 648
9957 0 665 655
9957 1 669 648
9958 0 665 655
9958 1 669 648
9959 0 665 655
9959 1 669 648
9960 0 665 655
9960 1 669 648
9961 0 665 655
9961 1 669 648
9962 0 665 655
9962 1 669 648
9963 0 665 655
9963 1 669 647
9964 0 665 654
9964 1 669 647
9965 0 665 654
9965 1 669 647
9966 0 665 654
9966 1 669 647
9967 0 665 653
9967 1 669 647
9968 0 665 653
9968 1 669 647
9969 0 665 653
9969 1 669 647
9970 0 665 653
9970 1 669 648
9971 0 665 653
9971 1 669 648
9972 0 664 654
9972 1 669 648
9973 0 664 654
9973 1 668 648
9974 0 664 654
9974 1 668 649
9975 0 663 655
9975 1 667 649
9976 0 663 655
9976 1 666 650
9977 0 662 656
9977 1 666 650
9978 0 662 656
9978 1 666 650
9979 0 662 656
9979 1 665 651
9980 0 677 658
9980 1 665 651
9981 0 677 658
9981 1 665 651
9982 0 677 657
9982 1 665 651
9983 0 677 657
9983 1 665 651
9984 0 677 656
9984 1 665 652
9985 0 678 655
9985 1 664 652
9986 0 678 654
9986 1 664 652
9987 0 679 654
9987 1 664 652
9988 0 680 653
9988 1 664 652
9989 0 681 652
9989 1 664 652
9990 0 681 652
9990 1 664 652
9991 0 681 652
9991 1 664 652
9992 0 681 652
9992 1 664 652
9993 0 681 652
9993 1 664 653
9994 0 681 652
9994 1 664 653
9995 0 681 652
9995 1 664 653
9996 0 681 652
9996 1 664 653
9997 0 681 652
9997 1 664 653
9998 0 681 652
9998 1 664 653
9999 0 681 652
9999 1 664 653
10000 0 681 651
10000 1 664 653
10001 0 681 651
10001 1 664 653
10002 0 681 651
10002 1 664 653
10003 0 681 651
10003 1 664 653
10004 0 681 651
10004 1 664 653
10005 0 682 650
10005 1 664 653
10006 0 683 650
10006 1 665 653
10007 0 684 650
10007 1 665 653
10008 0 685 649
10008 1 665 653
10009 0 686 648
10009 1 666 654
10010 0 688 648
10010 1 667 654
10011 0 690 647
10011 1 667 654
10012 0 691 646
10012 1 668 654
10013 0 691 646
10013 1 669 654
10014 0 691 646
10014 1 670 654
10015 0 692 646
10015 1 671 654
10016 0 692 646
10016 1 672 654
10017 0 692 646
10017 1 673 654
10018 0 692 646
10018 1 674 654
10019 0 692 646
10019 1 674 654
10020 0 692 646
10020 1 674 654
10021 0 693 646
10021 1 674 654
10022 0 693 646
10022 1 675 654
10023 0 693 646
10023 1 676 654
10024 0 693 646
10024 1 677 654
10025 0 693 646
10025 1 677 654
10026 0 694 646
10026 1 677 653
10027 0 695 645
10027 1 677 653
10028 0 696 645
10028 1 677 653
10029 0 697 645
10029 1 677 653
10030 0 698 645
10030 1 677 653
10031 0 699 644
10031 1 677 653
10032 0 700 644
10032 1 677 653
10033 0 701 644
10033 1 677 653
10034 0 702 643
10034 1 677 653
10035 0 703 643
10035 1 677 653
10036 0 703 643
10036 1 677 653
10037 0 703 643
10037 1 677 653
10038 0 703 643
10038 1 677 653
10039 0 703 643
10039 1 677 653
10040 0 704 643
10040 1 677 653
10041 0 704 643
10041 1 677 653
10042 0 704 643
10042 1 677 653
10043 0 704 643
10043 1 677 653
10044 0 705 643
10044 1 677 653
10045 0 705 644
10045 1 677 653
10046 0 705 644
10046 1 677 653
10047 0 705 644
10047 1 677 653
10048 0 705 644
10048 1 677 653
10049 0 705 643
10049 1 677 653
10050 0 705 643
10050 1 677 653
10051 0 705 643
10051 1 677 653
10052 0 705 643
10052 1 677 653
10053 0 705 641
10053 1 677 653
10054 0 705 641
10054 1 677 653
10055 0 705 640
10055 1 677 653
10056 0 705 639
10056 1 677 653
10057 0 705 639
10057 1 677 653
10058 0 705 638
10058 1 677 653
10059 0 705 637
10059 1 677 653
10060 0 704 636
10060 1 677 653
10061 0 704 635
10061 1 677 653
10062 0 704 635
10062 1 677 653
10063 0 704 634
10063 1 677 653
10064 0 703 634
10064 1 677 653
10065 0 703 634
10065 1 677 653
10066 0 703 633
10066 1 677 653
10067 0 703 633
10067 1 677 653
10068 0 703 633
10068 1 677 653
10069 0 703 633
10069 1 677 653
10070 0 703 633
10070 1 677 653
10071 0 703 633
10071 1 677 653
10072 0 703 633
10072 1 677 653
10073 0 703 633
10073 1 677 653
10074 0 703 633
10074 1 677 653
10075 0 703 633
10075 1 677 653
10076 0 703 633
10076 1 677 653
10077 0 703 633
10077 1 677 653
10078 0 703 633
10078 1 677 653
10079 0 703 633
10079 1 678 653
10080 0 703 633
10080 1 678 653
10081 0 703 633
10081 1 678 653
10082 0 703 633
10082 1 678 653
10083 0 703 633
10083 1 678 653
10084 0 703 633
10084 1 678 653
10085 0 703 633
10085 1 678 653
10086 0 703 633
10086 1 678 653
10087 0 703 633
10087 1 678 653
10088 0 703 633
10088 1 678 653
10089 0 703 633
10089 1 678 653
10090 0 703 633
10090 1 678 653
10091 0 703 633
10091 1 678 653
10092 0 703 633
10092 1 678 653
10093 0 703 633
10093 1 678 653
10094 0 703 633
10094 1 678 653
10095 0 703 633
10095 1 678 653
10096 0 703 633
10096 1 678 653
10097 0 703 633
10097 1 678 653
10098 0 703 633
10098 1 678 653
10099 0 703 633
10099 1 678 653
10100 0 703 633
10100 1 678 653
10101 0 703 633
10101 1 678 653
10102 0 703 633
10102 1 678 653
10103 0 703 633
10103 1 678 653
10104 0 703 633
10104 1 678 653
10105 0 703 633
10105 1 678 653
10106 0 703 633
10106 1 678 653
10107 0 703 633
10107 1 678 653
10108 0 703 633
10108 1 678 653
10109 0 703 633
10109 1 679 652
10110 0 703 633
10110 1 679 652
10111 0 703 633
10111 1 679 652
10112 0 703 633
10112 1 679 652
10113 0 703 633
10113 1 679 652
10114 0 703 633
10114 1 679 652
10115 0 703 633
10115 1 679 652
10116 0 703 633
10116 1 679 652
10117 0 703 634
10117 1 679 652
10118 0 703 634
10118 1 679 652
10119 0 704 634
10119 1 679 652
10120 0 704 634
10120 1 679 652
10121 0 705 635
10121 1 679 652
10122 0 705 635
10122 1 680 652
10123 0 705 635
10123 1 680 652
10124 0 705 635
10124 1 680 652
10125 0 705 635
10125 1 681 651
10126 0 706 636
10126 1 681 651
10127 0 706 636
10127 1 682 651
10128 0 706 636
10128 1 682 651
10129 0 706 636
10129 1 682 651
10130 0 706 636
10130 1 682 651
10131 0 706 636
10131 1 683 650
10132 0 706 636
10132 1 683 650
10133 0 706 636
10133 1 680 647
10134 0 706 636
10134 1 680 646
10135 0 706 636
10135 1 680 646
10136 0 706 636
10136 1 680 647
10137 0 706 636
10137 1 680 648
10138 0 706 636
10138 1 680 648
10139 0 706 636
10139 1 680 648
10140 0 706 636
10140 1 680 649
10141 0 706 636
10141 1 680 649
10142 0 706 636
10142 1 680 649
10143 0 706 636
10143 1 680 650
10144 0 706 636
10144 1 681 651
10145 0 706 636
10145 1 681 651
10146 0 706 636
10146 1 681 652
10147 0 706 636
10147 1 682 652
10148 0 706 636
10148 1 682 652
10149 0 706 636
10149 1 682 652
10150 0 706 636
10150 1 682 652
10151 0 707 636
10151 1 682 652
10152 0 707 636
10152 1 682 652
10153 0 708 636
10153 1 682 652
10154 0 708 636
10154 1 682 652
10155 0 709 635
10155 1 683 653
10156 0 710 635
10156 1 683 653
10157 0 712 635
10157 1 683 653
10158 0 713 635
10158 1 683 653
10159 0 714 635
10159 1 683 653
10160 0 715 634
10160 1 684 653
10161 0 716 634
10161 1 684 653
10162 0 717 634
10162 1 684 653
10163 0 717 634
10163 1 684 653
10164 0 717 634
10164 1 684 653
10165 0 717 634
10165 1 684 653
10166 0 718 634
10166 1 684 653
10167 0 718 634
10167 1 684 653
10168 0 719 634
10168 1 684 653
10169 0 720 633
10169 1 684 653
10170 0 721 633
10170 1 684 653
10171 0 722 633
10171 1 684 653
10172 0 723 633
10172 1 684 653
10173 0 725 633
10173 1 684 653
10174 0 726 633
10174 1 684 653
10175 0 727 633
10175 1 684 653
10176 0 727 633
10176 1 684 653
10177 0 727 633
10177 1 684 653
10178 0 727 633
10178 1 684 653
10179 0 728 633
10179 1 684 653
10180 0 728 633
10180 1 684 653
10181 0 728 633
10181 1 684 653
10182 0 728 633
10182 1 684 653
10183 0 728 633
10183 1 684 653
10184 0 729 633
10184 1 684 653
10185 0 729 633
10185 1 684 653
10186 0 730 633
10186 1 684 653
10187 0 731 633
10187 1 684 653
10188 0 732 632
10188 1 684 653
