FRAME   ID  X   Y (0 is Leader, 1 is Follower)
2419 0 1143 528
2419 1 1141 514
2420 0 1143 529
2420 1 1141 514
2421 0 1143 530
2421 1 1141 515
2422 0 1143 531
2422 1 1141 516
2423 0 1142 532
2423 1 1142 517
2424 0 1142 532
2424 1 1142 518
2425 0 1142 532
2425 1 1142 519
2426 0 1142 532
2426 1 1143 520
2427 0 1142 532
2427 1 1144 521
2428 0 1142 532
2428 1 1144 522
2429 0 1142 532
2429 1 1144 522
2430 0 1142 532
2430 1 1144 522
2431 0 1142 532
2431 1 1143 522
2432 0 1142 532
2432 1 1143 522
2433 0 1142 532
2433 1 1143 522
2434 0 1142 532
2434 1 1143 522
2435 0 1142 532
2435 1 1143 522
2436 0 1142 532
2436 1 1143 522
2437 0 1142 532
2437 1 1142 522
2438 0 1142 532
2438 1 1142 522
2439 0 1142 532
2439 1 1142 522
2440 0 1142 532
2440 1 1142 522
2441 0 1142 532
2441 1 1141 522
2442 0 1142 532
2442 1 1141 522
2443 0 1142 532
2443 1 1141 522
2444 0 1142 532
2444 1 1141 522
2445 0 1142 532
2445 1 1141 522
2446 0 1142 532
2446 1 1141 522
2447 0 1142 532
2447 1 1140 523
2448 0 1142 532
2448 1 1140 523
2449 0 1142 532
2449 1 1140 523
2450 0 1142 532
2450 1 1140 523
2451 0 1142 532
2451 1 1140 523
2452 0 1142 532
2452 1 1140 523
2453 0 1142 532
2453 1 1140 523
2454 0 1142 532
2454 1 1140 523
2455 0 1142 532
2455 1 1140 523
2456 0 1141 533
2456 1 1140 523
2457 0 1141 534
2457 1 1140 523
2458 0 1140 535
2458 1 1140 523
2459 0 1140 535
2459 1 1140 523
2460 0 1139 536
2460 1 1140 523
2461 0 1138 536
2461 1 1140 523
2462 0 1137 536
2462 1 1140 523
2463 0 1136 537
2463 1 1140 523
2464 0 1135 537
2464 1 1140 524
2465 0 1134 537
2465 1 1141 524
2466 0 1134 537
2466 1 1141 525
2467 0 1134 537
2467 1 1141 526
2468 0 1133 537
2468 1 1141 526
2469 0 1133 537
2469 1 1141 527
2470 0 1132 537
2470 1 1141 528
2471 0 1132 537
2471 1 1141 529
2472 0 1131 537
2472 1 1142 530
2473 0 1130 537
2473 1 1142 531
2474 0 1129 537
2474 1 1142 532
2475 0 1129 538
2475 1 1142 533
2476 0 1129 538
2476 1 1142 533
2477 0 1129 538
2477 1 1142 533
2478 0 1129 538
2478 1 1142 534
2479 0 1129 538
2479 1 1141 534
2480 0 1128 538
2480 1 1141 535
2481 0 1128 538
2481 1 1141 535
2482 0 1128 538
2482 1 1141 535
2483 0 1128 538
2483 1 1141 535
2484 0 1128 538
2484 1 1141 535
2485 0 1128 538
2485 1 1141 535
2486 0 1128 538
2486 1 1141 535
2487 0 1128 538
2487 1 1141 535
2488 0 1127 539
2488 1 1141 535
2489 0 1127 539
2489 1 1141 535
2490 0 1127 539
2490 1 1141 535
2491 0 1127 539
2491 1 1141 536
2492 0 1127 539
2492 1 1140 536
2493 0 1127 539
2493 1 1140 536
2494 0 1127 539
2494 1 1140 536
2495 0 1127 539
2495 1 1139 537
2496 0 1126 539
2496 1 1139 537
2497 0 1125 540
2497 1 1139 537
2498 0 1124 542
2498 1 1139 537
2499 0 1124 542
2499 1 1139 537
2500 0 1123 544
2500 1 1139 538
2501 0 1123 545
2501 1 1139 538
2502 0 1122 546
2502 1 1139 539
2503 0 1122 547
2503 1 1139 539
2504 0 1122 548
2504 1 1139 539
2505 0 1122 548
2505 1 1139 539
2506 0 1122 548
2506 1 1139 540
2507 0 1122 549
2507 1 1139 540
2508 0 1122 549
2508 1 1139 540
2509 0 1122 550
2509 1 1139 540
2510 0 1122 550
2510 1 1139 540
2511 0 1122 551
2511 1 1139 540
2512 0 1122 551
2512 1 1139 540
2513 0 1122 552
2513 1 1139 540
2514 0 1122 552
2514 1 1139 540
2515 0 1122 552
2515 1 1139 540
2516 0 1122 552
2516 1 1139 541
2517 0 1122 552
2517 1 1139 541
2518 0 1122 552
2518 1 1139 541
2519 0 1122 552
2519 1 1139 541
2520 0 1122 552
2520 1 1139 542
2521 0 1122 552
2521 1 1139 542
2522 0 1122 552
2522 1 1138 542
2523 0 1122 552
2523 1 1138 542
2524 0 1122 552
2524 1 1138 543
2525 0 1122 552
2525 1 1138 543
2526 0 1123 552
2526 1 1138 543
2527 0 1123 552
2527 1 1138 543
2528 0 1123 552
2528 1 1138 543
2529 0 1123 552
2529 1 1137 544
2530 0 1123 552
2530 1 1137 544
2531 0 1123 552
2531 1 1137 544
2532 0 1123 552
2532 1 1137 545
2533 0 1123 552
2533 1 1136 545
2534 0 1123 552
2534 1 1136 546
2535 0 1123 552
2535 1 1135 546
2536 0 1123 552
2536 1 1135 546
2537 0 1123 552
2537 1 1134 546
2538 0 1123 552
2538 1 1133 546
2539 0 1123 552
2539 1 1132 545
2540 0 1123 552
2540 1 1132 545
2541 0 1123 551
2541 1 1131 544
2542 0 1123 551
2542 1 1130 544
2543 0 1122 551
2543 1 1130 544
2544 0 1122 551
2544 1 1130 544
2545 0 1122 551
2545 1 1130 544
2546 0 1122 551
2546 1 1130 544
2547 0 1122 551
2547 1 1130 544
2548 0 1122 551
2548 1 1130 544
2549 0 1122 551
2549 1 1130 544
2550 0 1122 551
2550 1 1130 544
2551 0 1122 551
2551 1 1130 544
2552 0 1122 551
2552 1 1130 544
2553 0 1122 551
2553 1 1131 544
2554 0 1122 551
2554 1 1131 544
2555 0 1122 551
2555 1 1131 544
2556 0 1122 551
2556 1 1131 544
2557 0 1122 551
2557 1 1131 544
2558 0 1123 551
2558 1 1131 544
2559 0 1123 551
2559 1 1131 544
2560 0 1123 551
2560 1 1130 543
2561 0 1124 551
2561 1 1130 542
2562 0 1124 551
2562 1 1130 541
2563 0 1124 551
2563 1 1130 540
2564 0 1125 551
2564 1 1130 539
2565 0 1125 551
2565 1 1130 537
2566 0 1125 551
2566 1 1130 536
2567 0 1125 551
2567 1 1130 535
2568 0 1125 551
2568 1 1129 534
2569 0 1125 551
2569 1 1129 533
2570 0 1125 551
2570 1 1129 533
2571 0 1125 551
2571 1 1129 533
2572 0 1125 551
2572 1 1129 532
2573 0 1125 551
2573 1 1129 532
2574 0 1125 551
2574 1 1129 532
2575 0 1125 551
2575 1 1129 531
2576 0 1125 551
2576 1 1129 531
2577 0 1125 551
2577 1 1129 530
2578 0 1125 550
2578 1 1129 529
2579 0 1125 550
2579 1 1128 529
2580 0 1125 550
2580 1 1128 529
2581 0 1125 550
2581 1 1127 528
2582 0 1125 550
2582 1 1126 528
2583 0 1125 550
2583 1 1125 528
2584 0 1125 550
2584 1 1125 527
2585 0 1125 550
2585 1 1125 527
2586 0 1125 550
2586 1 1124 527
2587 0 1125 550
2587 1 1123 526
2588 0 1125 550
2588 1 1122 526
2589 0 1126 549
2589 1 1122 525
2590 0 1126 549
2590 1 1122 525
2591 0 1126 549
2591 1 1121 525
2592 0 1126 549
2592 1 1120 526
2593 0 1126 549
2593 1 1119 526
2594 0 1127 549
2594 1 1118 527
2595 0 1127 549
2595 1 1118 527
2596 0 1127 549
2596 1 1118 527
2597 0 1127 548
2597 1 1118 528
2598 0 1127 548
2598 1 1118 529
2599 0 1127 548
2599 1 1118 530
2600 0 1128 547
2600 1 1118 531
2601 0 1129 547
2601 1 1118 531
2602 0 1129 546
2602 1 1118 531
2603 0 1129 546
2603 1 1118 532
2604 0 1129 546
2604 1 1118 533
2605 0 1129 546
2605 1 1118 533
2606 0 1129 546
2606 1 1118 534
2607 0 1129 546
2607 1 1118 534
2608 0 1129 546
2608 1 1119 535
2609 0 1130 546
2609 1 1119 535
2610 0 1130 546
2610 1 1119 536
2611 0 1131 544
2611 1 1119 536
2612 0 1132 544
2612 1 1119 536
2613 0 1132 544
2613 1 1119 537
2614 0 1133 543
2614 1 1119 537
2615 0 1133 543
2615 1 1119 538
2616 0 1133 543
2616 1 1119 538
2617 0 1133 543
2617 1 1120 539
2618 0 1133 543
2618 1 1120 540
2619 0 1133 543
2619 1 1121 541
2620 0 1133 543
2620 1 1121 541
2621 0 1133 542
2621 1 1121 542
2622 0 1133 542
2622 1 1122 543
2623 0 1133 542
2623 1 1123 544
2624 0 1133 542
2624 1 1124 545
2625 0 1133 542
2625 1 1125 546
2626 0 1133 542
2626 1 1125 546
2627 0 1133 541
2627 1 1126 547
2628 0 1133 541
2628 1 1127 548
2629 0 1134 540
2629 1 1127 548
2630 0 1134 540
2630 1 1128 548
2631 0 1134 539
2631 1 1128 548
2632 0 1134 538
2632 1 1128 548
2633 0 1134 537
2633 1 1129 549
2634 0 1134 536
2634 1 1129 549
2635 0 1134 536
2635 1 1130 549
2636 0 1134 536
2636 1 1130 549
2637 0 1134 536
2637 1 1131 549
2638 0 1134 535
2638 1 1131 549
2639 0 1134 534
2639 1 1132 549
2640 0 1134 534
2640 1 1132 549
2641 0 1134 534
2641 1 1133 548
2642 0 1134 534
2642 1 1133 548
2643 0 1134 534
2643 1 1134 547
2644 0 1134 534
2644 1 1134 547
2645 0 1134 534
2645 1 1134 547
2646 0 1134 533
2646 1 1134 547
2647 0 1134 532
2647 1 1134 546
2648 0 1135 531
2648 1 1134 546
2649 0 1135 530
2649 1 1134 546
2650 0 1136 528
2650 1 1134 545
2651 0 1136 528
2651 1 1134 544
2652 0 1137 526
2652 1 1134 543
2653 0 1138 525
2653 1 1134 542
2654 0 1138 525
2654 1 1133 541
2655 0 1138 525
2655 1 1133 539
2656 0 1138 525
2656 1 1133 538
2657 0 1138 524
2657 1 1132 537
2658 0 1138 524
2658 1 1132 536
2659 0 1138 524
2659 1 1132 535
2660 0 1138 524
2660 1 1132 534
2661 0 1138 524
2661 1 1132 534
2662 0 1138 524
2662 1 1132 533
2663 0 1138 524
2663 1 1132 533
2664 0 1138 524
2664 1 1132 533
2665 0 1138 524
2665 1 1132 533
2666 0 1138 524
2666 1 1132 533
2667 0 1138 523
2667 1 1132 533
2668 0 1138 522
2668 1 1132 533
2669 0 1139 522
2669 1 1132 533
2670 0 1139 521
2670 1 1132 533
2671 0 1140 520
2671 1 1132 532
2672 0 1140 519
2672 1 1132 532
2673 0 1141 518
2673 1 1132 532
2674 0 1141 517
2674 1 1133 531
2675 0 1141 517
2675 1 1133 531
2676 0 1142 516
2676 1 1133 531
2677 0 1142 516
2677 1 1134 530
2678 0 1142 516
2678 1 1135 529
2679 0 1142 516
2679 1 1135 528
2680 0 1143 515
2680 1 1136 527
2681 0 1143 515
2681 1 1136 526
2682 0 1143 515
2682 1 1136 526
2683 0 1144 514
2683 1 1136 526
2684 0 1145 514
2684 1 1137 525
2685 0 1146 514
2685 1 1137 525
2686 0 1147 513
2686 1 1137 524
2687 0 1148 513
2687 1 1137 523
2688 0 1149 512
2688 1 1138 522
2689 0 1150 512
2689 1 1138 521
2690 0 1151 512
2690 1 1138 521
2691 0 1151 512
2691 1 1139 520
2692 0 1151 511
2692 1 1139 519
2693 0 1151 511
2693 1 1140 517
2694 0 1151 511
2694 1 1140 516
2695 0 1151 511
2695 1 1141 515
2696 0 1152 511
2696 1 1141 515
2697 0 1152 511
2697 1 1141 515
2698 0 1153 510
2698 1 1141 514
2699 0 1154 510
2699 1 1141 513
2700 0 1156 509
2700 1 1141 513
2701 0 1157 508
2701 1 1142 512
2702 0 1157 507
2702 1 1142 512
2703 0 1158 507
2703 1 1142 511
2704 0 1158 507
2704 1 1143 511
2705 0 1159 506
2705 1 1144 511
2706 0 1159 506
2706 1 1144 511
2707 0 1160 505
2707 1 1144 511
2708 0 1160 505
2708 1 1145 510
2709 0 1160 505
2709 1 1145 510
2710 0 1160 505
2710 1 1146 509
2711 0 1160 504
2711 1 1147 509
2712 0 1161 504
2712 1 1147 509
2713 0 1161 504
2713 1 1148 509
2714 0 1161 503
2714 1 1148 509
2715 0 1162 503
2715 1 1149 509
2716 0 1162 502
2716 1 1150 509
2717 0 1163 501
2717 1 1151 509
2718 0 1164 501
2718 1 1152 509
2719 0 1164 500
2719 1 1153 509
2720 0 1165 500
2720 1 1154 508
2721 0 1165 499
2721 1 1155 508
2722 0 1165 499
2722 1 1156 507
2723 0 1165 499
2723 1 1157 507
2724 0 1165 499
2724 1 1157 507
2725 0 1165 499
2725 1 1157 506
2726 0 1165 498
2726 1 1157 506
2727 0 1166 497
2727 1 1157 506
2728 0 1167 496
2728 1 1157 505
2729 0 1168 496
2729 1 1158 504
2730 0 1170 495
2730 1 1158 503
2731 0 1171 495
2731 1 1158 503
2732 0 1172 495
2732 1 1159 502
2733 0 1172 495
2733 1 1160 501
2734 0 1172 495
2734 1 1160 500
2735 0 1173 495
2735 1 1161 499
2736 0 1173 495
2736 1 1161 499
2737 0 1173 495
2737 1 1162 499
2738 0 1174 495
2738 1 1163 499
2739 0 1175 494
2739 1 1163 499
2740 0 1176 494
2740 1 1164 498
2741 0 1177 493
2741 1 1164 498
2742 0 1178 492
2742 1 1165 497
2743 0 1179 492
2743 1 1166 497
2744 0 1180 491
2744 1 1166 497
2745 0 1180 491
2745 1 1167 497
2746 0 1181 490
2746 1 1168 496
2747 0 1181 490
2747 1 1169 496
2748 0 1182 489
2748 1 1170 495
2749 0 1182 489
2749 1 1171 495
2750 0 1183 488
2750 1 1171 495
2751 0 1184 487
2751 1 1172 495
2752 0 1185 486
2752 1 1173 495
2753 0 1186 485
2753 1 1174 495
2754 0 1187 484
2754 1 1174 494
2755 0 1188 484
2755 1 1175 494
2756 0 1188 484
2756 1 1176 493
2757 0 1189 484
2757 1 1177 493
2758 0 1189 484
2758 1 1178 492
2759 0 1190 484
2759 1 1178 492
2760 0 1190 484
2760 1 1178 492
2761 0 1190 484
2761 1 1178 492
2762 0 1190 484
2762 1 1179 491
2763 0 1190 484
2763 1 1180 490
2764 0 1190 484
2764 1 1181 489
2765 0 1191 484
2765 1 1181 489
2766 0 1191 484
2766 1 1182 488
2767 0 1192 484
2767 1 1183 487
2768 0 1193 484
2768 1 1183 486
2769 0 1194 484
2769 1 1183 485
2770 0 1195 484
2770 1 1184 485
2771 0 1196 484
2771 1 1184 484
2772 0 1196 484
2772 1 1184 483
2773 0 1197 484
2773 1 1185 483
2774 0 1197 484
2774 1 1186 482
2775 0 1198 484
2775 1 1186 482
2776 0 1200 479
2776 1 1186 478
2777 0 1201 479
2777 1 1186 478
2778 0 1202 479
2778 1 1187 477
2779 0 1204 480
2779 1 1187 477
2780 0 1204 480
2780 1 1187 477
2781 0 1205 480
2781 1 1188 477
2782 0 1205 480
2782 1 1189 477
2783 0 1205 481
2783 1 1190 477
2784 0 1206 481
2784 1 1191 477
2785 0 1206 481
2785 1 1192 477
2786 0 1206 481
2786 1 1193 477
2787 0 1207 481
2787 1 1194 477
2788 0 1207 481
2788 1 1194 477
2789 0 1208 482
2789 1 1195 478
2790 0 1209 482
2790 1 1195 478
2791 0 1209 482
2791 1 1195 478
2792 0 1210 482
2792 1 1196 479
2793 0 1211 482
2793 1 1197 479
2794 0 1212 482
2794 1 1197 479
2795 0 1213 482
2795 1 1198 479
2796 0 1214 483
2796 1 1198 479
2797 0 1215 483
2797 1 1199 479
2798 0 1216 483
2798 1 1200 480
2799 0 1217 483
2799 1 1201 480
2800 0 1217 483
2800 1 1202 480
2801 0 1217 483
2801 1 1204 481
2802 0 1218 483
2802 1 1205 481
2803 0 1218 483
2803 1 1206 481
2804 0 1218 483
2804 1 1206 481
2805 0 1219 483
2805 1 1206 481
2806 0 1220 484
2806 1 1206 481
2807 0 1221 484
2807 1 1206 481
2808 0 1222 485
2808 1 1206 481
2809 0 1222 485
2809 1 1206 481
2810 0 1224 486
2810 1 1206 481
2811 0 1225 487
2811 1 1206 481
2812 0 1226 487
2812 1 1207 481
2813 0 1226 488
2813 1 1208 481
2814 0 1227 488
2814 1 1209 481
2815 0 1230 491
2815 1 1212 483
2816 0 1230 491
2816 1 1213 483
2817 0 1230 491
2817 1 1214 484
2818 0 1230 491
2818 1 1214 484
2819 0 1230 491
2819 1 1215 485
2820 0 1230 491
2820 1 1215 485
2821 0 1230 491
2821 1 1216 485
2822 0 1230 491
2822 1 1217 485
2823 0 1231 491
2823 1 1217 486
2824 0 1231 491
2824 1 1218 486
2825 0 1231 491
2825 1 1219 486
2826 0 1232 491
2826 1 1219 486
2827 0 1233 491
2827 1 1220 486
2828 0 1234 492
2828 1 1221 486
2829 0 1235 492
2829 1 1221 486
2830 0 1236 492
2830 1 1222 486
2831 0 1237 493
2831 1 1223 486
2832 0 1238 493
2832 1 1223 486
2833 0 1239 494
2833 1 1223 486
2834 0 1240 494
2834 1 1224 486
2835 0 1240 494
2835 1 1225 486
2836 0 1240 494
2836 1 1226 486
2837 0 1241 494
2837 1 1227 486
2838 0 1241 494
2838 1 1228 487
2839 0 1242 495
2839 1 1229 487
2840 0 1242 495
2840 1 1230 487
2841 0 1242 495
2841 1 1230 487
2842 0 1242 495
2842 1 1231 487
2843 0 1243 496
2843 1 1231 487
2844 0 1244 496
2844 1 1232 487
2845 0 1245 496
2845 1 1232 487
2846 0 1246 497
2846 1 1232 487
2847 0 1247 498
2847 1 1233 488
2848 0 1248 499
2848 1 1233 488
2849 0 1249 500
2849 1 1234 488
2850 0 1250 500
2850 1 1235 488
2851 0 1251 501
2851 1 1235 489
2852 0 1251 501
2852 1 1236 489
2853 0 1252 501
2853 1 1237 490
2854 0 1253 501
2854 1 1238 491
2855 0 1253 501
2855 1 1239 492
2856 0 1254 502
2856 1 1239 493
2857 0 1254 502
2857 1 1240 494
2858 0 1254 502
2858 1 1241 494
2859 0 1254 502
2859 1 1241 495
2860 0 1255 502
2860 1 1241 495
2861 0 1255 502
2861 1 1242 495
2862 0 1256 502
2862 1 1242 496
2863 0 1257 502
2863 1 1242 496
2864 0 1257 502
2864 1 1242 496
2865 0 1258 502
2865 1 1243 497
2866 0 1259 502
2866 1 1243 497
2867 0 1259 502
2867 1 1244 498
2868 0 1260 502
2868 1 1244 498
2869 0 1260 502
2869 1 1245 499
2870 0 1260 502
2870 1 1246 499
2871 0 1261 502
2871 1 1246 499
2872 0 1261 502
2872 1 1246 499
2873 0 1261 502
2873 1 1247 499
2874 0 1262 502
2874 1 1248 499
2875 0 1262 502
2875 1 1248 499
2876 0 1263 503
2876 1 1248 499
2877 0 1264 503
2877 1 1249 499
2878 0 1265 504
2878 1 1249 499
2879 0 1266 505
2879 1 1250 498
2880 0 1267 506
2880 1 1251 498
2881 0 1267 507
2881 1 1252 498
2882 0 1267 507
2882 1 1254 498
2883 0 1267 507
2883 1 1255 498
2884 0 1267 507
2884 1 1256 498
2885 0 1267 507
2885 1 1257 498
2886 0 1267 508
2886 1 1257 498
2887 0 1267 508
2887 1 1258 498
2888 0 1267 509
2888 1 1259 498
2889 0 1267 509
2889 1 1259 498
2890 0 1268 510
2890 1 1260 498
2891 0 1268 511
2891 1 1260 498
2892 0 1269 512
2892 1 1260 498
2893 0 1269 513
2893 1 1260 498
2894 0 1269 514
2894 1 1260 498
2895 0 1269 515
2895 1 1261 498
2896 0 1269 516
2896 1 1261 498
2897 0 1269 516
2897 1 1261 498
2898 0 1269 516
2898 1 1262 499
2899 0 1269 517
2899 1 1262 499
2900 0 1269 517
2900 1 1263 500
2901 0 1269 517
2901 1 1263 500
2902 0 1269 517
2902 1 1264 501
2903 0 1269 518
2903 1 1264 501
2904 0 1269 518
2904 1 1264 502
2905 0 1269 519
2905 1 1264 502
2906 0 1269 520
2906 1 1264 503
2907 0 1269 520
2907 1 1264 504
2908 0 1269 522
2908 1 1264 504
2909 0 1269 523
2909 1 1265 505
2910 0 1269 524
2910 1 1265 506
2911 0 1269 525
2911 1 1265 506
2912 0 1269 525
2912 1 1265 507
2913 0 1269 525
2913 1 1265 508
2914 0 1269 525
2914 1 1266 509
2915 0 1269 526
2915 1 1266 510
2916 0 1269 526
2916 1 1266 511
2917 0 1269 528
2917 1 1266 512
2918 0 1269 529
2918 1 1266 512
2919 0 1269 530
2919 1 1266 513
2920 0 1269 531
2920 1 1266 514
2921 0 1268 532
2921 1 1267 515
2922 0 1268 533
2922 1 1267 515
2923 0 1267 534
2923 1 1267 516
2924 0 1267 534
2924 1 1267 517
2925 0 1267 534
2925 1 1267 518
2926 0 1267 535
2926 1 1267 519
2927 0 1267 536
2927 1 1267 520
2928 0 1267 536
2928 1 1267 520
2929 0 1267 536
2929 1 1267 521
2930 0 1267 536
2930 1 1267 522
2931 0 1267 536
2931 1 1267 522
2932 0 1267 536
2932 1 1267 522
2933 0 1267 537
2933 1 1267 522
2934 0 1267 537
2934 1 1267 522
2935 0 1267 537
2935 1 1267 522
2936 0 1267 537
2936 1 1267 522
2937 0 1267 537
2937 1 1267 522
2938 0 1267 537
2938 1 1267 522
2939 0 1267 538
2939 1 1267 522
2940 0 1266 539
2940 1 1267 522
2941 0 1266 540
2941 1 1267 522
2942 0 1266 541
2942 1 1267 523
2943 0 1266 541
2943 1 1267 523
2944 0 1266 541
2944 1 1267 524
2945 0 1266 541
2945 1 1266 525
2946 0 1267 541
2946 1 1266 525
2947 0 1267 541
2947 1 1266 526
2948 0 1268 541
2948 1 1266 526
2949 0 1269 542
2949 1 1265 527
2950 0 1270 543
2950 1 1265 528
2951 0 1271 543
2951 1 1264 528
2952 0 1271 544
2952 1 1264 528
2953 0 1272 544
2953 1 1264 529
2954 0 1273 544
2954 1 1263 530
2955 0 1273 544
2955 1 1263 531
2956 0 1273 544
2956 1 1263 531
2957 0 1274 544
2957 1 1263 532
2958 0 1274 544
2958 1 1263 532
2959 0 1274 544
2959 1 1263 532
2960 0 1275 544
2960 1 1263 533
2961 0 1276 544
2961 1 1263 533
2962 0 1276 544
2962 1 1263 534
2963 0 1277 544
2963 1 1263 535
2964 0 1277 544
2964 1 1263 535
2965 0 1278 544
2965 1 1264 536
2966 0 1278 544
2966 1 1264 536
2967 0 1278 544
2967 1 1264 536
2968 0 1278 544
2968 1 1264 536
2969 0 1279 543
2969 1 1264 536
2970 0 1280 543
2970 1 1264 536
2971 0 1280 543
2971 1 1264 536
2972 0 1282 542
2972 1 1265 536
2973 0 1283 542
2973 1 1266 537
2974 0 1285 541
2974 1 1266 537
2975 0 1286 541
2975 1 1266 537
2976 0 1286 541
2976 1 1267 538
2977 0 1286 541
2977 1 1268 539
2978 0 1286 541
2978 1 1269 539
2979 0 1286 541
2979 1 1269 539
2980 0 1287 540
2980 1 1270 540
2981 0 1287 540
2981 1 1271 540
2982 0 1287 540
2982 1 1272 541
2983 0 1288 540
2983 1 1272 542
2984 0 1288 540
2984 1 1273 542
2985 0 1288 540
2985 1 1274 543
2986 0 1288 540
2986 1 1275 543
2987 0 1288 540
2987 1 1275 543
2988 0 1288 540
2988 1 1275 543
2989 0 1289 540
2989 1 1275 543
2990 0 1290 539
2990 1 1276 544
2991 0 1290 539
2991 1 1276 544
2992 0 1291 539
2992 1 1276 544
2993 0 1292 538
2993 1 1277 545
2994 0 1293 538
2994 1 1277 545
2995 0 1294 538
2995 1 1278 545
2996 0 1294 538
2996 1 1279 545
2997 0 1295 538
2997 1 1280 545
2998 0 1295 538
2998 1 1281 544
2999 0 1295 538
2999 1 1282 543
3000 0 1296 538
3000 1 1284 542
3001 0 1296 538
3001 1 1285 541
3002 0 1296 538
3002 1 1285 541
3003 0 1296 539
3003 1 1286 540
3004 0 1297 539
3004 1 1286 540
3005 0 1297 539
3005 1 1287 539
3006 0 1298 539
3006 1 1288 538
3007 0 1299 539
3007 1 1288 537
3008 0 1300 540
3008 1 1289 537
3009 0 1300 541
3009 1 1289 537
3010 0 1301 542
3010 1 1289 537
3011 0 1302 543
3011 1 1290 536
3012 0 1302 544
3012 1 1290 536
3013 0 1302 544
3013 1 1291 536
3014 0 1302 545
3014 1 1291 536
3015 0 1302 545
3015 1 1291 536
3016 0 1302 545
3016 1 1291 535
3017 0 1302 546
3017 1 1291 534
3018 0 1303 547
3018 1 1291 534
3019 0 1303 547
3019 1 1291 534
3020 0 1303 548
3020 1 1291 534
3021 0 1303 548
3021 1 1292 534
3022 0 1303 548
3022 1 1292 534
3023 0 1303 548
3023 1 1292 534
3024 0 1303 549
3024 1 1293 534
3025 0 1303 550
3025 1 1293 534
3026 0 1303 550
3026 1 1294 534
3027 0 1303 550
3027 1 1294 534
3028 0 1303 551
3028 1 1295 534
3029 0 1303 551
3029 1 1295 534
3030 0 1303 551
3030 1 1295 534
3031 0 1303 551
3031 1 1295 534
3032 0 1303 551
3032 1 1295 534
3033 0 1303 551
3033 1 1295 534
3034 0 1303 551
3034 1 1296 534
3035 0 1303 551
3035 1 1296 533
3036 0 1303 551
3036 1 1297 534
3037 0 1303 551
3037 1 1297 534
3038 0 1303 552
3038 1 1297 534
3039 0 1303 553
3039 1 1297 534
3040 0 1303 554
3040 1 1297 535
3041 0 1304 555
3041 1 1297 536
3042 0 1304 557
3042 1 1297 536
3043 0 1304 559
3043 1 1297 537
3044 0 1305 560
3044 1 1298 537
3045 0 1305 561
3045 1 1298 538
3046 0 1305 562
3046 1 1298 538
3047 0 1305 562
3047 1 1298 538
3048 0 1305 562
3048 1 1299 539
3049 0 1305 563
3049 1 1299 539
3050 0 1306 564
3050 1 1299 539
3051 0 1306 565
3051 1 1299 540
3052 0 1306 565
3052 1 1300 540
3053 0 1306 566
3053 1 1300 540
3054 0 1306 566
3054 1 1300 540
3055 0 1306 566
3055 1 1300 540
3056 0 1306 566
3056 1 1300 540
3057 0 1306 566
3057 1 1301 540
3058 0 1306 566
3058 1 1301 541
3059 0 1306 566
3059 1 1301 542
3060 0 1306 566
3060 1 1302 543
3061 0 1306 566
3061 1 1302 544
3062 0 1306 566
3062 1 1301 544
3063 0 1306 566
3063 1 1301 546
3064 0 1306 566
3064 1 1300 548
3065 0 1306 566
3065 1 1299 549
3066 0 1306 571
3066 1 1298 553
3067 0 1306 571
3067 1 1298 553
3068 0 1306 571
3068 1 1297 555
3069 0 1306 571
3069 1 1297 555
3070 0 1306 571
3070 1 1296 557
3071 0 1306 571
3071 1 1296 557
3072 0 1306 571
3072 1 1296 558
3073 0 1306 571
3073 1 1296 558
3074 0 1306 571
3074 1 1296 559
3075 0 1306 571
3075 1 1295 559
3076 0 1306 571
3076 1 1295 559
3077 0 1306 571
3077 1 1295 559
3078 0 1306 571
3078 1 1295 559
3079 0 1306 571
3079 1 1295 559
3080 0 1306 571
3080 1 1295 559
3081 0 1306 571
3081 1 1294 559
3082 0 1306 571
3082 1 1295 560
3083 0 1306 571
3083 1 1295 560
3084 0 1306 571
3084 1 1295 561
3085 0 1307 571
3085 1 1295 561
3086 0 1307 571
3086 1 1295 561
3087 0 1308 572
3087 1 1296 562
3088 0 1308 573
3088 1 1296 562
3089 0 1309 574
3089 1 1297 562
3090 0 1310 575
3090 1 1298 563
3091 0 1311 576
3091 1 1299 563
3092 0 1313 578
3092 1 1299 563
3093 0 1314 578
3093 1 1300 563
3094 0 1314 579
3094 1 1301 564
3095 0 1314 579
3095 1 1302 564
3096 0 1314 579
3096 1 1303 565
3097 0 1315 579
3097 1 1303 565
3098 0 1315 580
3098 1 1304 566
3099 0 1315 580
3099 1 1305 567
3100 0 1315 580
3100 1 1306 568
3101 0 1315 580
3101 1 1306 568
3102 0 1316 581
3102 1 1306 569
3103 0 1317 581
3103 1 1306 569
3104 0 1318 582
3104 1 1307 570
3105 0 1319 583
3105 1 1307 570
3106 0 1320 583
3106 1 1308 571
3107 0 1321 584
3107 1 1309 571
3108 0 1322 584
3108 1 1309 572
3109 0 1322 584
3109 1 1309 573
3110 0 1323 585
3110 1 1309 573
3111 0 1324 585
3111 1 1310 574
3112 0 1325 586
3112 1 1311 575
3113 0 1325 586
3113 1 1312 576
3114 0 1325 586
3114 1 1313 577
3115 0 1325 586
3115 1 1313 577
3116 0 1326 586
3116 1 1313 578
3117 0 1327 587
3117 1 1313 578
3118 0 1328 587
3118 1 1314 579
3119 0 1329 588
3119 1 1314 580
3120 0 1330 589
3120 1 1315 580
3121 0 1330 589
3121 1 1315 580
3122 0 1331 590
3122 1 1316 580
3123 0 1331 591
3123 1 1317 581
3124 0 1332 591
3124 1 1318 581
3125 0 1333 592
3125 1 1319 582
3126 0 1333 593
3126 1 1320 582
3127 0 1333 593
3127 1 1321 582
3128 0 1333 593
3128 1 1322 582
3129 0 1334 594
3129 1 1323 583
3130 0 1334 594
3130 1 1324 583
3131 0 1334 594
3131 1 1325 584
3132 0 1334 594
3132 1 1326 584
3133 0 1334 594
3133 1 1327 584
3134 0 1334 594
3134 1 1327 584
3135 0 1334 594
3135 1 1328 584
3136 0 1334 594
3136 1 1329 584
3137 0 1335 595
3137 1 1329 584
3138 0 1335 595
3138 1 1330 584
3139 0 1336 596
3139 1 1330 584
3140 0 1337 597
3140 1 1331 585
3141 0 1338 598
3141 1 1331 585
3142 0 1338 598
3142 1 1331 585
3143 0 1338 599
3143 1 1332 586
3144 0 1338 599
3144 1 1332 586
3145 0 1339 599
3145 1 1332 586
3146 0 1340 600
3146 1 1332 586
3147 0 1340 601
3147 1 1333 586
3148 0 1341 601
3148 1 1333 586
3149 0 1341 601
3149 1 1333 586
3150 0 1341 601
3150 1 1333 586
3151 0 1341 601
3151 1 1334 586
3152 0 1341 601
3152 1 1334 586
3153 0 1341 601
3153 1 1334 586
3154 0 1341 601
3154 1 1334 586
3155 0 1341 601
3155 1 1334 586
3156 0 1341 601
3156 1 1334 586
3157 0 1341 601
3157 1 1335 586
3158 0 1341 601
3158 1 1335 586
3159 0 1341 601
3159 1 1335 586
3160 0 1341 601
3160 1 1335 586
