FRAME   ID  X   Y (0 is Leader, 1 is Follower)
791 0 1017 504
791 1 1002 509
792 0 1019 504
792 1 1003 508
793 0 1021 504
793 1 1004 507
794 0 1022 503
794 1 1005 507
795 0 1024 503
795 1 1006 506
796 0 1025 503
796 1 1008 505
797 0 1026 502
797 1 1010 505
798 0 1026 502
798 1 1012 504
799 0 1026 502
799 1 1013 504
800 0 1026 502
800 1 1013 504
801 0 1026 502
801 1 1013 504
802 0 1026 502
802 1 1014 505
803 0 1027 502
803 1 1014 506
804 0 1027 502
804 1 1015 506
805 0 1028 502
805 1 1015 506
806 0 1029 502
806 1 1016 507
807 0 1031 502
807 1 1016 507
808 0 1033 502
808 1 1017 507
809 0 1035 502
809 1 1018 507
810 0 1038 501
810 1 1019 508
811 0 1039 501
811 1 1020 508
812 0 1040 501
812 1 1022 508
813 0 1041 500
813 1 1023 508
814 0 1041 500
814 1 1025 507
815 0 1041 500
815 1 1026 507
816 0 1041 500
816 1 1024 507
817 0 1042 500
817 1 1024 507
818 0 1043 499
818 1 1024 507
819 0 1043 499
819 1 1025 506
820 0 1043 499
820 1 1026 505
821 0 1043 499
821 1 1026 504
822 0 1043 499
822 1 1026 504
823 0 1043 499
823 1 1027 504
824 0 1043 499
824 1 1027 504
825 0 1043 499
825 1 1027 504
826 0 1043 500
826 1 1027 504
827 0 1044 500
827 1 1027 504
828 0 1045 500
828 1 1027 504
829 0 1046 499
829 1 1027 504
830 0 1048 499
830 1 1027 504
831 0 1050 498
831 1 1028 504
832 0 1051 498
832 1 1029 503
833 0 1053 497
833 1 1030 504
834 0 1054 497
834 1 1031 504
835 0 1054 497
835 1 1032 504
836 0 1054 498
836 1 1034 505
837 0 1054 498
837 1 1036 506
838 0 1054 498
838 1 1038 506
839 0 1055 498
839 1 1038 506
840 0 1056 498
840 1 1039 506
841 0 1058 498
841 1 1039 506
842 0 1060 498
842 1 1039 507
843 0 1060 499
843 1 1039 507
844 0 1060 499
844 1 1040 507
845 0 1060 499
845 1 1040 506
846 0 1060 499
846 1 1041 506
847 0 1060 500
847 1 1042 505
848 0 1060 500
848 1 1043 504
849 0 1060 500
849 1 1043 503
850 0 1060 500
850 1 1044 501
851 0 1060 500
851 1 1045 500
852 0 1060 500
852 1 1046 499
853 0 1060 500
853 1 1046 498
854 0 1060 500
854 1 1048 497
855 0 1060 500
855 1 1049 496
856 0 1060 500
856 1 1050 495
857 0 1060 500
857 1 1052 495
858 0 1060 500
858 1 1053 494
859 0 1060 500
859 1 1054 494
860 0 1060 500
860 1 1055 494
861 0 1060 500
861 1 1056 494
862 0 1060 500
862 1 1056 494
863 0 1060 500
863 1 1056 494
864 0 1060 500
864 1 1056 494
865 0 1061 500
865 1 1057 494
866 0 1061 501
866 1 1057 494
867 0 1061 501
867 1 1057 494
868 0 1062 501
868 1 1057 494
869 0 1062 501
869 1 1057 494
870 0 1063 502
870 1 1057 494
871 0 1063 502
871 1 1057 494
872 0 1065 503
872 1 1057 494
873 0 1066 503
873 1 1057 494
874 0 1067 503
874 1 1057 494
875 0 1068 504
875 1 1057 494
876 0 1070 504
876 1 1057 494
877 0 1071 504
877 1 1057 494
878 0 1072 504
878 1 1057 495
879 0 1073 504
879 1 1058 496
880 0 1073 504
880 1 1058 497
881 0 1074 504
881 1 1058 498
882 0 1075 504
882 1 1058 499
883 0 1075 504
883 1 1058 500
884 0 1075 504
884 1 1058 501
885 0 1075 504
885 1 1058 503
886 0 1075 504
886 1 1058 505
887 0 1075 504
887 1 1059 506
888 0 1075 504
888 1 1060 507
889 0 1075 504
889 1 1061 509
890 0 1075 504
890 1 1062 510
891 0 1075 504
891 1 1063 511
892 0 1075 504
892 1 1064 511
893 0 1075 504
893 1 1065 511
894 0 1076 504
894 1 1065 511
895 0 1077 504
895 1 1066 512
896 0 1078 504
896 1 1066 512
897 0 1079 504
897 1 1066 512
898 0 1080 504
898 1 1066 512
899 0 1082 504
899 1 1067 512
900 0 1084 504
900 1 1067 512
901 0 1085 504
901 1 1068 512
902 0 1087 504
902 1 1069 512
903 0 1088 504
903 1 1070 513
904 0 1089 504
904 1 1071 513
905 0 1089 504
905 1 1071 513
906 0 1090 504
906 1 1072 512
907 0 1091 504
907 1 1072 511
908 0 1093 504
908 1 1073 511
909 0 1094 504
909 1 1074 509
910 0 1096 504
910 1 1075 509
911 0 1097 504
911 1 1076 508
912 0 1098 504
912 1 1078 507
913 0 1100 504
913 1 1079 506
914 0 1101 504
914 1 1081 505
915 0 1102 504
915 1 1083 504
916 0 1103 504
916 1 1085 503
917 0 1103 504
917 1 1086 503
918 0 1104 504
918 1 1086 503
919 0 1105 504
919 1 1087 503
920 0 1106 504
920 1 1089 503
921 0 1108 504
921 1 1091 502
922 0 1109 505
922 1 1092 502
923 0 1111 506
923 1 1093 502
924 0 1113 506
924 1 1094 502
925 0 1114 507
925 1 1095 503
926 0 1116 508
926 1 1097 504
927 0 1117 508
927 1 1098 504
928 0 1119 510
928 1 1100 506
929 0 1119 511
929 1 1101 506
930 0 1120 511
930 1 1103 507
931 0 1121 511
931 1 1104 508
932 0 1121 511
932 1 1105 508
933 0 1121 511
933 1 1106 508
934 0 1121 511
934 1 1107 508
935 0 1121 512
935 1 1107 508
936 0 1122 512
936 1 1108 508
937 0 1123 513
937 1 1109 508
938 0 1123 514
938 1 1110 508
939 0 1123 514
939 1 1111 509
940 0 1123 514
940 1 1111 509
941 0 1123 514
941 1 1112 509
942 0 1123 514
942 1 1112 509
943 0 1123 514
943 1 1112 509
944 0 1123 514
944 1 1112 509
945 0 1123 514
945 1 1112 509
946 0 1123 514
946 1 1112 509
947 0 1123 514
947 1 1112 509
948 0 1124 515
948 1 1112 509
949 0 1126 515
949 1 1112 509
950 0 1127 516
950 1 1113 509
951 0 1129 518
951 1 1114 510
952 0 1130 519
952 1 1116 511
953 0 1132 519
953 1 1117 511
954 0 1133 520
954 1 1118 512
955 0 1134 520
955 1 1120 512
956 0 1134 520
956 1 1121 513
957 0 1134 520
957 1 1122 513
958 0 1134 520
958 1 1123 513
959 0 1134 520
959 1 1123 513
960 0 1136 522
960 1 1123 513
961 0 1137 522
961 1 1124 514
962 0 1138 522
962 1 1124 514
963 0 1140 523
963 1 1125 516
964 0 1142 524
964 1 1125 517
965 0 1143 524
965 1 1125 518
966 0 1144 524
966 1 1125 520
967 0 1144 524
967 1 1126 521
968 0 1145 525
968 1 1127 523
969 0 1146 525
969 1 1127 524
970 0 1147 525
970 1 1128 526
971 0 1147 525
971 1 1129 527
972 0 1147 525
972 1 1130 528
973 0 1147 525
973 1 1131 528
974 0 1147 525
974 1 1132 529
975 0 1147 525
975 1 1133 529
976 0 1147 525
976 1 1133 529
977 0 1147 525
977 1 1133 529
978 0 1147 525
978 1 1133 529
979 0 1148 525
979 1 1133 529
980 0 1151 526
980 1 1133 529
981 0 1153 526
981 1 1133 529
982 0 1155 527
982 1 1134 529
983 0 1157 528
983 1 1135 529
984 0 1158 528
984 1 1137 528
985 0 1159 528
985 1 1138 527
986 0 1159 528
986 1 1140 526
987 0 1159 528
987 1 1141 525
988 0 1159 528
988 1 1143 525
989 0 1159 528
989 1 1145 523
990 0 1159 528
990 1 1147 522
991 0 1159 528
991 1 1149 522
992 0 1159 528
992 1 1150 521
993 0 1159 528
993 1 1151 521
994 0 1159 528
994 1 1152 521
995 0 1159 528
995 1 1153 522
996 0 1159 528
996 1 1153 522
997 0 1160 529
997 1 1153 521
998 0 1160 529
998 1 1154 521
999 0 1162 530
999 1 1154 521
1000 0 1164 530
1000 1 1154 521
1001 0 1166 531
1001 1 1154 521
1002 0 1167 532
1002 1 1154 521
1003 0 1168 532
1003 1 1155 521
1004 0 1168 532
1004 1 1155 522
1005 0 1168 532
1005 1 1155 523
1006 0 1168 532
1006 1 1156 524
1007 0 1168 532
1007 1 1156 526
1008 0 1168 532
1008 1 1156 527
1009 0 1168 532
1009 1 1157 528
1010 0 1168 532
1010 1 1157 530
1011 0 1168 532
1011 1 1157 531
1012 0 1169 532
1012 1 1157 532
1013 0 1169 532
1013 1 1157 533
1014 0 1169 532
1014 1 1157 534
1015 0 1170 533
1015 1 1157 534
1016 0 1171 533
1016 1 1157 535
1017 0 1173 533
1017 1 1158 537
1018 0 1174 533
1018 1 1158 538
1019 0 1174 533
1019 1 1158 539
1020 0 1175 533
1020 1 1159 540
1021 0 1175 533
1021 1 1160 541
1022 0 1175 533
1022 1 1161 542
1023 0 1175 533
1023 1 1162 542
1024 0 1175 533
1024 1 1162 543
1025 0 1175 533
1025 1 1163 543
1026 0 1175 533
1026 1 1163 543
1027 0 1175 533
1027 1 1163 543
1028 0 1175 533
1028 1 1164 543
1029 0 1176 533
1029 1 1164 543
1030 0 1177 533
1030 1 1164 543
1031 0 1178 533
1031 1 1164 543
1032 0 1179 533
1032 1 1165 543
1033 0 1180 533
1033 1 1165 543
1034 0 1181 533
1034 1 1164 543
1035 0 1183 534
1035 1 1164 543
1036 0 1183 534
1036 1 1164 543
1037 0 1183 534
1037 1 1164 543
1038 0 1184 535
1038 1 1165 543
1039 0 1185 535
1039 1 1166 542
1040 0 1186 536
1040 1 1167 541
1041 0 1187 537
1041 1 1169 540
1042 0 1187 537
1042 1 1170 539
1043 0 1187 538
1043 1 1171 537
1044 0 1187 538
1044 1 1173 535
1045 0 1187 539
1045 1 1174 534
1046 0 1187 539
1046 1 1175 532
1047 0 1187 539
1047 1 1176 531
1048 0 1187 539
1048 1 1179 529
1049 0 1187 539
1049 1 1181 528
1050 0 1187 539
1050 1 1182 527
1051 0 1187 539
1051 1 1184 526
1052 0 1187 539
1052 1 1186 526
1053 0 1187 539
1053 1 1188 525
1054 0 1187 539
1054 1 1190 525
1055 0 1187 539
1055 1 1192 525
1056 0 1187 539
1056 1 1194 525
1057 0 1187 539
1057 1 1195 525
1058 0 1187 539
1058 1 1196 525
1059 0 1187 539
1059 1 1197 525
1060 0 1187 539
1060 1 1199 526
1061 0 1187 539
1061 1 1200 527
1062 0 1187 539
1062 1 1201 528
1063 0 1187 539
1063 1 1202 529
1064 0 1187 539
1064 1 1203 529
1065 0 1187 539
1065 1 1203 529
1066 0 1187 539
1066 1 1203 529
1067 0 1187 539
1067 1 1203 529
1068 0 1187 539
1068 1 1202 529
1069 0 1187 539
1069 1 1202 529
1070 0 1187 539
1070 1 1202 529
1071 0 1187 539
1071 1 1202 529
1072 0 1187 539
1072 1 1202 529
1073 0 1187 539
1073 1 1203 528
1074 0 1187 539
1074 1 1203 527
1075 0 1187 539
1075 1 1204 527
1076 0 1187 539
1076 1 1205 526
1077 0 1187 539
1077 1 1205 525
1078 0 1187 539
1078 1 1205 524
1079 0 1187 539
1079 1 1205 523
1080 0 1187 539
1080 1 1205 522
1081 0 1187 539
1081 1 1204 521
1082 0 1187 539
1082 1 1203 520
1083 0 1187 539
1083 1 1202 518
1084 0 1187 539
1084 1 1201 517
1085 0 1187 539
1085 1 1199 517
1086 0 1187 539
1086 1 1198 516
1087 0 1187 539
1087 1 1198 515
1088 0 1187 539
1088 1 1197 515
1089 0 1187 539
1089 1 1197 515
1090 0 1187 539
1090 1 1196 515
1091 0 1187 539
1091 1 1195 516
1092 0 1187 539
1092 1 1195 516
1093 0 1187 539
1093 1 1195 516
1094 0 1187 539
1094 1 1194 517
1095 0 1187 539
1095 1 1194 518
1096 0 1187 539
1096 1 1193 518
1097 0 1187 539
1097 1 1193 519
1098 0 1187 539
1098 1 1192 520
1099 0 1187 539
1099 1 1192 520
1100 0 1187 539
1100 1 1191 521
1101 0 1187 539
1101 1 1190 522
1102 0 1187 539
1102 1 1189 523
1103 0 1187 539
1103 1 1189 523
1104 0 1187 539
1104 1 1188 524
1105 0 1187 539
1105 1 1187 526
1106 0 1187 539
1106 1 1188 526
1107 0 1187 539
1107 1 1188 527
1108 0 1187 539
1108 1 1187 528
1109 0 1187 539
1109 1 1187 529
1110 0 1187 539
1110 1 1187 530
1111 0 1188 539
1111 1 1186 531
1112 0 1188 540
1112 1 1186 531
1113 0 1188 540
1113 1 1186 531
1114 0 1189 540
1114 1 1185 532
1115 0 1190 541
1115 1 1184 532
1116 0 1191 541
1116 1 1183 534
1117 0 1191 541
1117 1 1183 535
1118 0 1191 541
1118 1 1182 536
1119 0 1191 541
1119 1 1182 537
1120 0 1191 541
1120 1 1182 537
1121 0 1191 541
1121 1 1181 538
1122 0 1191 541
1122 1 1181 538
1123 0 1191 541
1123 1 1181 538
1124 0 1191 541
1124 1 1181 538
1125 0 1191 541
1125 1 1181 538
1126 0 1191 541
1126 1 1181 538
1127 0 1191 541
1127 1 1181 537
1128 0 1191 541
1128 1 1181 537
1129 0 1191 541
1129 1 1181 537
1130 0 1191 541
1130 1 1181 537
1131 0 1191 541
1131 1 1181 537
1132 0 1191 541
1132 1 1181 537
1133 0 1192 541
1133 1 1181 537
1134 0 1192 541
1134 1 1181 537
1135 0 1193 541
1135 1 1182 537
1136 0 1194 541
1136 1 1182 538
1137 0 1195 541
1137 1 1182 538
1138 0 1197 541
1138 1 1182 539
1139 0 1199 542
1139 1 1183 540
1140 0 1201 542
1140 1 1184 540
1141 0 1203 542
1141 1 1185 541
1142 0 1204 543
1142 1 1186 542
1143 0 1205 543
1143 1 1187 543
1144 0 1206 543
1144 1 1189 544
1145 0 1206 543
1145 1 1190 545
1146 0 1206 543
1146 1 1191 546
1147 0 1206 543
1147 1 1192 547
1148 0 1207 543
1148 1 1192 547
1149 0 1207 543
1149 1 1193 547
1150 0 1207 543
1150 1 1193 547
1151 0 1207 543
1151 1 1194 548
1152 0 1207 543
1152 1 1194 548
1153 0 1207 543
1153 1 1194 548
1154 0 1207 543
1154 1 1194 548
1155 0 1208 543
1155 1 1194 548
1156 0 1209 543
1156 1 1194 548
1157 0 1210 543
1157 1 1194 548
1158 0 1211 543
1158 1 1194 548
1159 0 1212 543
1159 1 1194 548
1160 0 1214 543
1160 1 1195 548
1161 0 1216 543
1161 1 1196 547
1162 0 1217 543
1162 1 1198 547
1163 0 1218 543
1163 1 1199 546
1164 0 1219 543
1164 1 1201 545
1165 0 1219 543
1165 1 1203 545
1166 0 1219 543
1166 1 1204 545
1167 0 1220 543
1167 1 1206 544
1168 0 1221 543
1168 1 1207 544
1169 0 1223 542
1169 1 1207 544
1170 0 1224 542
1170 1 1208 544
1171 0 1225 542
1171 1 1210 544
1172 0 1227 542
1172 1 1211 544
1173 0 1228 542
1173 1 1212 545
1174 0 1229 542
1174 1 1213 546
1175 0 1231 542
1175 1 1215 546
1176 0 1233 542
1176 1 1216 547
1177 0 1233 542
1177 1 1217 547
1178 0 1235 542
1178 1 1218 548
1179 0 1236 542
1179 1 1220 548
1180 0 1236 542
1180 1 1221 548
1181 0 1236 542
1181 1 1222 548
1182 0 1237 542
1182 1 1223 548
1183 0 1238 543
1183 1 1225 547
1184 0 1239 543
1184 1 1226 546
1185 0 1240 544
1185 1 1227 545
1186 0 1241 545
1186 1 1229 544
1187 0 1242 545
1187 1 1230 543
1188 0 1243 546
1188 1 1231 542
1189 0 1243 547
1189 1 1232 541
1190 0 1243 547
1190 1 1233 541
1191 0 1243 547
1191 1 1234 539
1192 0 1243 547
1192 1 1236 538
1193 0 1243 547
1193 1 1237 537
1194 0 1243 547
1194 1 1238 536
1195 0 1243 547
1195 1 1239 535
1196 0 1243 547
1196 1 1239 534
1197 0 1243 547
1197 1 1240 534
1198 0 1243 547
1198 1 1241 534
1199 0 1243 547
1199 1 1242 535
1200 0 1243 547
1200 1 1243 535
1201 0 1243 547
1201 1 1244 536
1202 0 1243 547
1202 1 1245 537
1203 0 1243 547
1203 1 1246 538
1204 0 1244 548
1204 1 1246 538
1205 0 1244 548
1205 1 1247 538
1206 0 1244 548
1206 1 1247 540
1207 0 1244 548
1207 1 1247 541
1208 0 1244 548
1208 1 1248 542
1209 0 1244 548
1209 1 1248 542
1210 0 1244 548
1210 1 1248 542
1211 0 1244 548
1211 1 1248 542
1212 0 1244 548
1212 1 1248 542
1213 0 1244 548
1213 1 1248 542
1214 0 1244 548
1214 1 1248 542
1215 0 1245 549
1215 1 1248 542
1216 0 1245 549
1216 1 1248 542
1217 0 1246 550
1217 1 1248 542
1218 0 1247 551
1218 1 1248 542
1219 0 1248 551
1219 1 1247 542
1220 0 1250 551
1220 1 1247 543
1221 0 1252 552
1221 1 1247 543
1222 0 1252 552
1222 1 1247 544
1223 0 1253 552
1223 1 1247 545
1224 0 1253 552
1224 1 1246 546
1225 0 1253 552
1225 1 1245 548
1226 0 1253 552
1226 1 1245 549
1227 0 1253 552
1227 1 1244 550
1228 0 1253 552
1228 1 1244 552
1229 0 1253 552
1229 1 1243 554
1230 0 1253 552
1230 1 1243 555
1231 0 1253 552
1231 1 1243 556
1232 0 1253 552
1232 1 1243 556
1233 0 1253 552
1233 1 1243 558
1234 0 1253 552
1234 1 1244 560
1235 0 1253 552
1235 1 1245 560
1236 0 1253 552
1236 1 1246 560
1237 0 1253 552
1237 1 1246 561
1238 0 1253 552
1238 1 1247 562
1239 0 1253 552
1239 1 1247 562
1240 0 1253 552
1240 1 1247 562
1241 0 1253 552
1241 1 1248 562
1242 0 1253 552
1242 1 1248 562
1243 0 1253 552
1243 1 1248 562
1244 0 1253 552
1244 1 1248 562
1245 0 1253 552
1245 1 1248 562
1246 0 1253 552
1246 1 1248 562
1247 0 1253 552
1247 1 1248 562
1248 0 1253 552
1248 1 1248 562
1249 0 1253 552
1249 1 1248 562
1250 0 1253 552
1250 1 1248 562
1251 0 1253 552
1251 1 1248 562
1252 0 1253 552
1252 1 1248 562
1253 0 1253 552
1253 1 1248 562
1254 0 1253 552
1254 1 1248 562
1255 0 1253 552
1255 1 1248 562
1256 0 1254 552
1256 1 1248 562
1257 0 1254 552
1257 1 1248 562
1258 0 1254 552
1258 1 1248 562
1259 0 1255 552
1259 1 1248 562
1260 0 1256 552
1260 1 1248 563
1261 0 1256 552
1261 1 1247 563
1262 0 1256 553
1262 1 1247 563
1263 0 1257 553
1263 1 1247 563
1264 0 1258 554
1264 1 1247 563
1265 0 1259 555
1265 1 1247 563
1266 0 1259 556
1266 1 1247 563
1267 0 1259 557
1267 1 1247 563
1268 0 1259 557
1268 1 1248 563
1269 0 1259 557
1269 1 1248 563
1270 0 1259 558
1270 1 1248 562
1271 0 1260 559
1271 1 1249 562
1272 0 1260 559
1272 1 1250 561
1273 0 1260 560
1273 1 1251 560
1274 0 1260 560
1274 1 1251 559
1275 0 1260 560
1275 1 1252 558
1276 0 1260 560
1276 1 1253 556
1277 0 1260 560
1277 1 1253 555
1278 0 1260 560
1278 1 1254 553
1279 0 1260 560
1279 1 1255 552
1280 0 1260 560
1280 1 1255 551
1281 0 1260 560
1281 1 1255 551
1282 0 1260 560
1282 1 1256 550
1283 0 1260 560
1283 1 1257 549
1284 0 1260 561
1284 1 1258 549
1285 0 1260 561
1285 1 1259 549
1286 0 1260 561
1286 1 1260 549
1287 0 1261 562
1287 1 1261 549
1288 0 1261 562
1288 1 1262 549
1289 0 1261 562
1289 1 1263 549
1290 0 1261 562
1290 1 1264 549
1291 0 1261 562
1291 1 1266 550
1292 0 1261 562
1292 1 1267 551
1293 0 1261 562
1293 1 1267 552
1294 0 1261 562
1294 1 1268 553
1295 0 1261 562
1295 1 1269 555
1296 0 1261 562
1296 1 1270 556
1297 0 1261 562
1297 1 1271 557
1298 0 1261 562
1298 1 1271 559
1299 0 1261 562
1299 1 1271 560
1300 0 1261 562
1300 1 1271 561
1301 0 1261 562
1301 1 1271 562
1302 0 1261 562
1302 1 1271 562
1303 0 1262 563
1303 1 1271 562
1304 0 1262 563
1304 1 1271 561
1305 0 1262 563
1305 1 1271 561
1306 0 1262 563
1306 1 1271 561
1307 0 1262 563
1307 1 1271 561
1308 0 1262 563
1308 1 1271 561
1309 0 1262 563
1309 1 1271 561
1310 0 1261 562
1310 1 1271 561
1311 0 1261 562
1311 1 1270 561
1312 0 1261 562
1312 1 1270 561
1313 0 1261 562
1313 1 1270 561
1314 0 1260 562
1314 1 1270 561
1315 0 1260 562
1315 1 1270 561
1316 0 1259 563
1316 1 1270 561
1317 0 1259 563
1317 1 1269 562
1318 0 1259 564
1318 1 1269 563
1319 0 1259 564
1319 1 1268 563
1320 0 1259 565
1320 1 1267 565
1321 0 1260 566
1321 1 1266 566
