FRAME   ID  X   Y (0 is Leader, 1 is Follower)
3106 0 1228 376
3106 1 1223 396
3107 0 1228 376
3107 1 1223 395
3108 0 1227 376
3108 1 1224 394
3109 0 1227 376
3109 1 1225 394
3110 0 1226 376
3110 1 1225 393
3111 0 1226 376
3111 1 1226 392
3112 0 1225 376
3112 1 1226 391
3113 0 1225 377
3113 1 1226 390
3114 0 1225 377
3114 1 1227 389
3115 0 1224 377
3115 1 1227 388
3116 0 1223 377
3116 1 1228 387
3117 0 1222 377
3117 1 1229 387
3118 0 1221 377
3118 1 1230 386
3119 0 1220 377
3119 1 1230 385
3120 0 1219 376
3120 1 1229 384
3121 0 1218 375
3121 1 1229 384
3122 0 1216 374
3122 1 1229 383
3123 0 1215 373
3123 1 1229 382
3124 0 1214 373
3124 1 1228 381
3125 0 1213 373
3125 1 1228 381
3126 0 1212 372
3126 1 1228 385
3127 0 1212 372
3127 1 1228 385
3128 0 1212 372
3128 1 1228 384
3129 0 1212 372
3129 1 1228 383
3130 0 1212 372
3130 1 1227 383
3131 0 1212 372
3131 1 1227 382
3132 0 1212 372
3132 1 1226 382
3133 0 1211 372
3133 1 1225 382
3134 0 1211 372
3134 1 1224 382
3135 0 1210 371
3135 1 1224 382
3136 0 1208 370
3136 1 1223 382
3137 0 1207 369
3137 1 1222 381
3138 0 1206 368
3138 1 1222 381
3139 0 1205 367
3139 1 1221 380
3140 0 1204 366
3140 1 1221 380
3141 0 1203 365
3141 1 1220 380
3142 0 1203 365
3142 1 1220 380
3143 0 1203 364
3143 1 1219 379
3144 0 1203 364
3144 1 1218 379
3145 0 1203 363
3145 1 1217 378
3146 0 1203 363
3146 1 1216 377
3147 0 1203 363
3147 1 1215 376
3148 0 1203 363
3148 1 1215 376
3149 0 1203 363
3149 1 1214 375
3150 0 1203 363
3150 1 1214 375
3151 0 1203 363
3151 1 1214 375
3152 0 1203 363
3152 1 1214 375
3153 0 1202 363
3153 1 1214 375
3154 0 1202 364
3154 1 1214 375
3155 0 1202 365
3155 1 1214 375
3156 0 1201 367
3156 1 1214 375
3157 0 1200 369
3157 1 1214 375
3158 0 1200 371
3158 1 1214 375
3159 0 1201 373
3159 1 1214 375
3160 0 1201 375
3160 1 1214 375
3161 0 1201 377
3161 1 1214 375
3162 0 1201 378
3162 1 1214 375
3163 0 1200 380
3163 1 1214 375
3164 0 1200 381
3164 1 1214 375
3165 0 1199 382
3165 1 1214 375
3166 0 1198 384
3166 1 1213 375
3167 0 1197 386
3167 1 1213 375
3168 0 1198 387
3168 1 1212 374
3169 0 1199 389
3169 1 1211 374
3170 0 1199 389
3170 1 1210 374
3171 0 1200 389
3171 1 1209 374
3172 0 1200 387
3172 1 1208 375
3173 0 1201 387
3173 1 1207 376
3174 0 1202 387
3174 1 1206 376
3175 0 1203 389
3175 1 1206 377
3176 0 1204 390
3176 1 1205 378
3177 0 1204 390
3177 1 1204 379
3178 0 1204 390
3178 1 1204 379
3179 0 1205 391
3179 1 1203 380
3180 0 1206 392
3180 1 1203 381
3181 0 1208 394
3181 1 1203 381
3182 0 1209 395
3182 1 1203 382
3183 0 1210 397
3183 1 1202 383
3184 0 1211 399
3184 1 1202 384
3185 0 1212 400
3185 1 1202 386
3186 0 1212 400
3186 1 1202 386
3187 0 1212 401
3187 1 1203 387
3188 0 1212 401
3188 1 1203 388
3189 0 1211 404
3189 1 1204 388
3190 0 1211 404
3190 1 1204 388
3191 0 1212 404
3191 1 1205 389
3192 0 1212 404
3192 1 1206 389
3193 0 1212 404
3193 1 1206 389
3194 0 1212 405
3194 1 1206 389
3195 0 1212 405
3195 1 1206 389
3196 0 1212 405
3196 1 1206 389
3197 0 1212 405
3197 1 1207 389
3198 0 1212 405
3198 1 1207 389
3199 0 1212 405
3199 1 1208 390
3200 0 1212 405
3200 1 1209 390
3201 0 1212 405
3201 1 1209 390
3202 0 1212 405
3202 1 1209 391
3203 0 1212 405
3203 1 1209 391
3204 0 1212 405
3204 1 1209 392
3205 0 1212 405
3205 1 1209 392
3206 0 1213 405
3206 1 1210 392
3207 0 1214 406
3207 1 1210 393
3208 0 1215 406
3208 1 1210 393
3209 0 1216 407
3209 1 1210 394
3210 0 1218 408
3210 1 1210 395
3211 0 1219 410
3211 1 1210 395
3212 0 1220 411
3212 1 1210 396
3213 0 1222 412
3213 1 1211 397
3214 0 1223 413
3214 1 1211 398
3215 0 1223 414
3215 1 1212 399
3216 0 1223 414
3216 1 1212 400
3217 0 1224 414
3217 1 1213 402
3218 0 1228 415
3218 1 1213 405
3219 0 1228 415
3219 1 1214 406
3220 0 1229 415
3220 1 1214 407
3221 0 1229 415
3221 1 1214 407
3222 0 1229 415
3222 1 1214 408
3223 0 1229 415
3223 1 1214 408
3224 0 1229 415
3224 1 1215 409
3225 0 1229 415
3225 1 1216 410
3226 0 1229 415
3226 1 1216 410
3227 0 1229 415
3227 1 1216 410
3228 0 1230 415
3228 1 1216 410
3229 0 1231 415
3229 1 1216 410
3230 0 1232 416
3230 1 1217 410
3231 0 1233 417
3231 1 1218 410
3232 0 1234 417
3232 1 1219 410
3233 0 1236 419
3233 1 1220 411
3234 0 1237 419
3234 1 1222 411
3235 0 1238 420
3235 1 1223 411
3236 0 1239 421
3236 1 1224 412
3237 0 1240 422
3237 1 1225 412
3238 0 1240 422
3238 1 1226 413
3239 0 1241 422
3239 1 1227 414
3240 0 1241 423
3240 1 1229 415
3241 0 1242 423
3241 1 1230 415
3242 0 1243 423
3242 1 1230 416
3243 0 1244 423
3243 1 1231 416
3244 0 1245 423
3244 1 1232 417
3245 0 1246 424
3245 1 1233 417
3246 0 1247 424
3246 1 1234 417
3247 0 1248 424
3247 1 1234 417
3248 0 1249 425
3248 1 1235 418
3249 0 1249 425
3249 1 1236 418
3250 0 1250 425
3250 1 1236 419
3251 0 1250 426
3251 1 1237 420
3252 0 1251 426
3252 1 1238 420
3253 0 1251 426
3253 1 1239 420
3254 0 1252 426
3254 1 1240 421
3255 0 1252 426
3255 1 1240 422
3256 0 1252 426
3256 1 1240 422
3257 0 1252 426
3257 1 1241 423
3258 0 1252 426
3258 1 1241 424
3259 0 1252 426
3259 1 1241 424
3260 0 1252 426
3260 1 1241 424
3261 0 1253 426
3261 1 1241 425
3262 0 1253 426
3262 1 1241 425
3263 0 1253 426
3263 1 1242 426
3264 0 1253 426
3264 1 1242 426
3265 0 1254 426
3265 1 1242 426
3266 0 1254 426
3266 1 1242 426
3267 0 1255 426
3267 1 1242 426
3268 0 1255 426
3268 1 1243 426
3269 0 1256 426
3269 1 1243 426
3270 0 1257 425
3270 1 1243 427
3271 0 1258 425
3271 1 1243 427
3272 0 1258 425
3272 1 1244 427
3273 0 1258 425
3273 1 1244 427
3274 0 1259 425
3274 1 1244 427
3275 0 1260 425
3275 1 1244 427
3276 0 1260 425
3276 1 1244 427
3277 0 1260 425
3277 1 1244 427
3278 0 1260 425
3278 1 1244 427
3279 0 1260 425
3279 1 1244 427
3280 0 1260 425
3280 1 1244 427
3281 0 1260 425
3281 1 1244 427
3282 0 1260 425
3282 1 1243 426
3283 0 1260 425
3283 1 1243 426
3284 0 1260 425
3284 1 1243 427
3285 0 1260 425
3285 1 1243 427
3286 0 1261 425
3286 1 1244 427
3287 0 1261 425
3287 1 1244 427
3288 0 1261 425
3288 1 1245 427
3289 0 1261 425
3289 1 1246 427
3290 0 1261 425
3290 1 1247 427
3291 0 1261 425
3291 1 1248 427
3292 0 1262 426
3292 1 1248 426
3293 0 1262 426
3293 1 1248 426
3294 0 1262 426
3294 1 1248 425
3295 0 1262 426
3295 1 1249 424
3296 0 1262 426
3296 1 1249 423
3297 0 1262 426
3297 1 1249 422
3298 0 1262 426
3298 1 1250 421
3299 0 1262 426
3299 1 1251 421
3300 0 1262 426
3300 1 1251 421
3301 0 1262 426
3301 1 1252 420
3302 0 1262 426
3302 1 1252 420
3303 0 1262 427
3303 1 1252 419
3304 0 1262 428
3304 1 1253 419
3305 0 1262 428
3305 1 1253 419
3306 0 1262 429
3306 1 1253 418
3307 0 1262 430
3307 1 1254 418
3308 0 1262 430
3308 1 1255 418
3309 0 1262 430
3309 1 1256 418
3310 0 1262 430
3310 1 1257 419
3311 0 1262 431
3311 1 1258 419
3312 0 1262 431
3312 1 1259 420
3313 0 1262 431
3313 1 1260 420
3314 0 1262 431
3314 1 1261 422
3315 0 1262 431
3315 1 1262 422
3316 0 1262 431
3316 1 1262 423
3317 0 1262 431
3317 1 1262 423
3318 0 1262 431
3318 1 1263 423
3319 0 1262 431
3319 1 1264 424
3320 0 1262 431
3320 1 1264 424
3321 0 1262 431
3321 1 1264 424
3322 0 1262 431
3322 1 1265 425
3323 0 1262 431
3323 1 1266 425
3324 0 1262 432
3324 1 1266 426
3325 0 1262 432
3325 1 1266 426
3326 0 1263 433
3326 1 1266 426
3327 0 1263 433
3327 1 1266 426
3328 0 1263 434
3328 1 1266 426
3329 0 1263 434
3329 1 1266 426
3330 0 1263 434
3330 1 1266 426
3331 0 1263 434
3331 1 1266 426
3332 0 1262 434
3332 1 1267 426
3333 0 1262 434
3333 1 1267 426
3334 0 1261 434
3334 1 1267 426
3335 0 1260 434
3335 1 1267 426
3336 0 1260 434
3336 1 1267 427
3337 0 1259 434
3337 1 1267 427
3338 0 1279 434
3338 1 1266 428
3339 0 1279 434
3339 1 1266 428
3340 0 1279 434
3340 1 1265 429
3341 0 1279 434
3341 1 1264 430
3342 0 1280 433
3342 1 1264 431
3343 0 1280 433
3343 1 1263 432
3344 0 1280 433
3344 1 1262 433
3345 0 1280 433
3345 1 1262 434
3346 0 1280 433
3346 1 1261 435
3347 0 1280 433
3347 1 1261 436
3348 0 1280 433
3348 1 1261 437
3349 0 1280 433
3349 1 1260 437
3350 0 1280 433
3350 1 1260 438
3351 0 1280 433
3351 1 1259 438
3352 0 1280 433
3352 1 1259 439
3353 0 1280 433
3353 1 1259 439
3354 0 1280 433
3354 1 1260 440
3355 0 1280 433
3355 1 1260 440
3356 0 1280 433
3356 1 1261 441
3357 0 1281 433
3357 1 1261 441
3358 0 1281 433
3358 1 1261 442
3359 0 1281 433
3359 1 1262 442
3360 0 1281 433
3360 1 1262 442
3361 0 1281 433
3361 1 1263 443
3362 0 1281 433
3362 1 1263 443
3363 0 1281 434
3363 1 1263 443
3364 0 1281 434
3364 1 1264 444
3365 0 1281 434
3365 1 1265 444
3366 0 1281 434
3366 1 1265 445
3367 0 1281 434
3367 1 1266 445
3368 0 1281 434
3368 1 1267 446
3369 0 1281 434
3369 1 1268 446
3370 0 1281 434
3370 1 1269 447
3371 0 1282 434
3371 1 1270 447
3372 0 1282 434
3372 1 1271 447
3373 0 1282 434
3373 1 1271 447
3374 0 1282 434
3374 1 1272 447
3375 0 1282 434
3375 1 1273 447
3376 0 1282 434
3376 1 1273 447
3377 0 1282 434
3377 1 1273 447
3378 0 1282 434
3378 1 1273 447
3379 0 1282 434
3379 1 1273 447
3380 0 1282 434
3380 1 1273 447
3381 0 1283 434
3381 1 1273 447
3382 0 1284 434
3382 1 1273 447
3383 0 1285 434
3383 1 1273 447
3384 0 1286 435
3384 1 1273 447
3385 0 1286 435
3385 1 1273 447
3386 0 1287 435
3386 1 1274 446
3387 0 1287 435
3387 1 1274 446
3388 0 1287 435
3388 1 1274 445
3389 0 1287 435
3389 1 1274 445
3390 0 1287 435
3390 1 1274 445
3391 0 1287 436
3391 1 1274 444
3392 0 1287 436
3392 1 1274 444
3393 0 1287 436
3393 1 1274 442
3394 0 1287 436
3394 1 1274 441
3395 0 1287 436
3395 1 1274 440
3396 0 1287 436
3396 1 1274 439
3397 0 1287 436
3397 1 1275 438
3398 0 1287 436
3398 1 1275 436
3399 0 1287 436
3399 1 1275 436
3400 0 1287 436
3400 1 1275 434
3401 0 1287 436
3401 1 1275 433
3402 0 1287 436
3402 1 1275 432
3403 0 1287 436
3403 1 1276 431
3404 0 1287 436
3404 1 1276 430
3405 0 1287 436
3405 1 1276 428
3406 0 1287 436
3406 1 1276 428
3407 0 1287 436
3407 1 1276 427
3408 0 1287 436
3408 1 1276 427
3409 0 1287 436
3409 1 1276 427
3410 0 1287 436
3410 1 1276 427
3411 0 1287 436
3411 1 1276 427
3412 0 1287 436
3412 1 1276 426
3413 0 1287 436
3413 1 1276 426
3414 0 1287 436
3414 1 1276 426
3415 0 1286 436
3415 1 1276 426
3416 0 1286 436
3416 1 1276 425
3417 0 1286 436
3417 1 1276 425
3418 0 1285 435
3418 1 1276 425
3419 0 1285 435
3419 1 1275 425
3420 0 1285 434
3420 1 1275 425
3421 0 1285 434
3421 1 1275 425
3422 0 1286 433
3422 1 1275 425
3423 0 1288 432
3423 1 1275 425
3424 0 1288 432
3424 1 1275 425
3425 0 1288 432
3425 1 1274 426
3426 0 1288 432
3426 1 1274 426
3427 0 1289 432
3427 1 1274 426
3428 0 1290 432
3428 1 1274 426
3429 0 1291 433
3429 1 1274 426
3430 0 1292 433
3430 1 1273 426
3431 0 1293 434
3431 1 1274 427
3432 0 1294 435
3432 1 1273 428
3433 0 1294 435
3433 1 1273 429
3434 0 1294 435
3434 1 1273 430
3435 0 1295 437
3435 1 1273 431
3436 0 1295 438
3436 1 1273 433
3437 0 1295 439
3437 1 1273 434
3438 0 1295 439
3438 1 1274 435
3439 0 1295 439
3439 1 1274 437
3440 0 1295 439
3440 1 1274 438
3441 0 1295 439
3441 1 1275 439
3442 0 1294 439
3442 1 1275 440
3443 0 1294 439
3443 1 1276 442
3444 0 1294 440
3444 1 1277 443
3445 0 1293 440
3445 1 1277 444
3446 0 1293 440
3446 1 1277 445
3447 0 1292 441
3447 1 1277 446
3448 0 1292 441
3448 1 1277 447
3449 0 1292 442
3449 1 1278 448
3450 0 1292 442
3450 1 1278 449
3451 0 1292 442
3451 1 1279 450
3452 0 1291 444
3452 1 1280 450
3453 0 1291 445
3453 1 1280 450
3454 0 1291 445
3454 1 1280 450
3455 0 1292 445
3455 1 1279 450
3456 0 1288 441
3456 1 1281 450
3457 0 1288 441
3457 1 1281 450
3458 0 1288 442
3458 1 1281 450
3459 0 1288 442
3459 1 1281 450
3460 0 1288 442
3460 1 1281 450
3461 0 1288 442
3461 1 1280 449
3462 0 1288 442
3462 1 1279 449
3463 0 1288 443
3463 1 1279 449
3464 0 1289 444
3464 1 1278 449
3465 0 1290 445
3465 1 1278 449
3466 0 1290 445
3466 1 1279 449
3467 0 1290 445
3467 1 1279 449
3468 0 1290 444
3468 1 1280 449
3469 0 1291 444
3469 1 1281 449
3470 0 1291 444
3470 1 1281 449
3471 0 1291 445
3471 1 1282 448
3472 0 1291 445
3472 1 1282 448
3473 0 1291 446
3473 1 1282 448
3474 0 1292 446
3474 1 1282 448
3475 0 1292 446
3475 1 1283 447
3476 0 1292 446
3476 1 1283 447
3477 0 1290 446
3477 1 1283 447
3478 0 1290 446
3478 1 1283 447
3479 0 1290 446
3479 1 1283 447
3480 0 1290 446
3480 1 1283 447
3481 0 1290 446
3481 1 1283 447
3482 0 1291 446
3482 1 1284 446
3483 0 1291 446
3483 1 1285 446
3484 0 1292 446
3484 1 1285 446
3485 0 1293 446
3485 1 1286 445
3486 0 1294 446
3486 1 1287 445
