FRAME   ID  X   Y (0 is Leader, 1 is Follower)
14336 0 848 877
14336 1 846 853
14337 0 848 878
14337 1 846 853
14338 0 848 878
14338 1 846 854
14339 0 848 878
14339 1 846 854
14340 0 848 879
14340 1 846 854
14341 0 848 879
14341 1 846 854
14342 0 847 879
14342 1 846 854
14343 0 847 879
14343 1 846 854
14344 0 847 880
14344 1 846 854
14345 0 847 880
14345 1 846 854
14346 0 847 880
14346 1 846 855
14347 0 846 880
14347 1 846 855
14348 0 846 880
14348 1 846 855
14349 0 846 880
14349 1 845 856
14350 0 845 880
14350 1 845 856
14351 0 845 880
14351 1 844 856
14352 0 845 880
14352 1 844 856
14353 0 844 881
14353 1 844 856
14354 0 844 881
14354 1 843 856
14355 0 844 881
14355 1 843 856
14356 0 843 882
14356 1 843 856
14357 0 843 882
14357 1 843 856
14358 0 843 882
14358 1 843 856
14359 0 843 883
14359 1 843 856
14360 0 843 885
14360 1 843 856
14361 0 843 886
14361 1 843 856
14362 0 842 887
14362 1 842 856
14363 0 842 888
14363 1 842 856
14364 0 842 889
14364 1 842 856
14365 0 842 890
14365 1 842 856
14366 0 843 891
14366 1 842 856
14367 0 843 891
14367 1 842 856
14368 0 843 891
14368 1 842 856
14369 0 843 891
14369 1 842 856
14370 0 843 891
14370 1 842 856
14371 0 843 892
14371 1 842 856
14372 0 843 892
14372 1 842 856
14373 0 843 893
14373 1 842 856
14374 0 843 894
14374 1 842 857
14375 0 843 895
14375 1 842 857
14376 0 843 896
14376 1 842 857
14377 0 843 897
14377 1 842 857
14378 0 843 897
14378 1 842 857
14379 0 843 897
14379 1 842 857
14380 0 843 897
14380 1 843 857
14381 0 843 897
14381 1 843 857
14382 0 843 897
14382 1 843 857
14383 0 843 898
14383 1 844 858
14384 0 843 898
14384 1 844 858
14385 0 843 898
14385 1 844 858
14386 0 843 899
14386 1 844 858
14387 0 843 900
14387 1 844 858
14388 0 843 900
14388 1 844 858
14389 0 843 900
14389 1 844 857
14390 0 843 900
14390 1 844 857
14391 0 843 901
14391 1 845 857
14392 0 844 901
14392 1 845 857
14393 0 844 901
14393 1 845 857
14394 0 844 902
14394 1 845 857
14395 0 844 902
14395 1 845 857
14396 0 844 902
14396 1 846 856
14397 0 844 902
14397 1 846 856
14398 0 844 902
14398 1 846 855
14399 0 844 902
14399 1 846 854
14400 0 844 902
14400 1 846 853
14401 0 844 902
14401 1 846 851
14402 0 845 902
14402 1 846 850
14403 0 845 902
14403 1 846 849
14404 0 846 903
14404 1 846 848
14405 0 846 903
14405 1 847 847
14406 0 846 903
14406 1 847 846
14407 0 846 903
14407 1 848 845
14408 0 847 903
14408 1 849 844
14409 0 848 904
14409 1 849 843
14410 0 848 904
14410 1 850 842
14411 0 849 904
14411 1 851 841
14412 0 849 904
14412 1 852 841
14413 0 851 904
14413 1 853 839
14414 0 851 904
14414 1 854 838
14415 0 852 904
14415 1 854 838
14416 0 852 904
14416 1 855 838
14417 0 853 904
14417 1 856 837
14418 0 853 904
14418 1 856 837
14419 0 853 904
14419 1 856 837
14420 0 853 904
14420 1 856 837
14421 0 853 904
14421 1 856 837
14422 0 853 904
14422 1 856 837
14423 0 853 904
14423 1 856 837
14424 0 853 904
14424 1 856 836
14425 0 853 904
14425 1 856 836
14426 0 853 904
14426 1 856 836
14427 0 853 904
14427 1 856 836
14428 0 853 904
14428 1 856 836
14429 0 853 904
14429 1 856 836
14430 0 853 904
14430 1 856 836
14431 0 853 904
14431 1 856 836
14432 0 853 904
14432 1 856 836
14433 0 853 904
14433 1 856 836
14434 0 853 904
14434 1 856 835
14435 0 853 904
14435 1 857 835
14436 0 853 904
14436 1 857 835
14437 0 853 904
14437 1 858 835
14438 0 853 904
14438 1 859 835
14439 0 853 904
14439 1 860 835
14440 0 853 904
14440 1 861 835
14441 0 853 904
14441 1 861 835
14442 0 853 904
14442 1 862 835
14443 0 853 904
14443 1 863 836
14444 0 853 904
14444 1 863 836
14445 0 853 904
14445 1 863 836
14446 0 853 904
14446 1 863 836
14447 0 853 904
14447 1 863 837
14448 0 853 904
14448 1 863 837
14449 0 853 904
14449 1 864 838
14450 0 853 904
14450 1 864 839
14451 0 853 904
14451 1 864 840
14452 0 853 904
14452 1 863 840
14453 0 853 904
14453 1 863 840
14454 0 853 904
14454 1 863 840
14455 0 853 904
14455 1 863 841
14456 0 852 904
14456 1 863 841
14457 0 852 904
14457 1 863 842
14458 0 852 904
14458 1 863 842
14459 0 852 905
14459 1 863 842
14460 0 852 905
14460 1 863 842
14461 0 852 906
14461 1 863 842
14462 0 852 906
14462 1 863 842
14463 0 852 906
14463 1 864 842
14464 0 851 906
14464 1 864 842
14465 0 851 906
14465 1 864 842
14466 0 851 906
14466 1 864 842
14467 0 850 906
14467 1 864 842
14468 0 850 907
14468 1 864 842
14469 0 850 907
14469 1 863 842
14470 0 850 907
14470 1 863 842
14471 0 850 907
14471 1 863 842
14472 0 850 907
14472 1 863 842
14473 0 849 907
14473 1 863 842
14474 0 849 907
14474 1 862 842
14475 0 849 907
14475 1 862 842
14476 0 849 907
14476 1 862 842
14477 0 849 908
14477 1 861 841
14478 0 849 908
14478 1 860 841
14479 0 849 908
14479 1 860 840
14480 0 849 908
14480 1 859 839
14481 0 848 908
14481 1 858 839
14482 0 848 908
14482 1 858 839
14483 0 847 909
14483 1 857 838
14484 0 847 909
14484 1 857 838
14485 0 846 909
14485 1 856 837
14486 0 846 909
14486 1 855 837
14487 0 845 910
14487 1 854 837
14488 0 844 910
14488 1 853 836
14489 0 843 911
14489 1 852 836
14490 0 842 912
14490 1 851 836
14491 0 842 912
14491 1 850 836
14492 0 841 913
14492 1 849 835
14493 0 841 913
14493 1 848 835
14494 0 840 914
14494 1 848 835
14495 0 839 914
14495 1 848 834
14496 0 839 914
14496 1 848 834
14497 0 839 914
14497 1 848 834
14498 0 839 914
14498 1 848 834
14499 0 839 914
14499 1 848 834
14500 0 839 914
14500 1 848 833
14501 0 839 914
14501 1 848 832
14502 0 839 914
14502 1 848 832
14503 0 839 914
14503 1 848 832
14504 0 839 914
14504 1 848 832
14505 0 839 914
14505 1 849 832
14506 0 839 914
14506 1 849 832
14507 0 839 914
14507 1 849 832
14508 0 839 914
14508 1 849 832
14509 0 839 914
14509 1 849 832
14510 0 839 914
14510 1 849 832
14511 0 839 914
14511 1 850 832
14512 0 839 914
14512 1 850 831
14513 0 839 914
14513 1 850 831
14514 0 839 914
14514 1 850 831
14515 0 839 914
14515 1 851 832
14516 0 839 914
14516 1 851 832
14517 0 839 914
14517 1 851 832
14518 0 839 914
14518 1 851 832
14519 0 838 915
14519 1 852 833
14520 0 838 915
14520 1 852 833
14521 0 837 916
14521 1 852 834
14522 0 836 917
14522 1 852 834
14523 0 835 917
14523 1 852 835
14524 0 834 918
14524 1 852 835
14525 0 834 918
14525 1 852 836
14526 0 834 918
14526 1 852 837
14527 0 834 918
14527 1 852 838
14528 0 834 918
14528 1 852 839
14529 0 834 918
14529 1 852 840
14530 0 834 918
14530 1 851 840
14531 0 834 918
14531 1 850 841
14532 0 834 918
14532 1 850 842
14533 0 834 918
14533 1 849 842
14534 0 834 918
14534 1 848 843
14535 0 834 918
14535 1 847 843
14536 0 834 918
14536 1 846 844
14537 0 834 918
14537 1 846 844
14538 0 833 918
14538 1 845 845
14539 0 833 918
14539 1 844 845
14540 0 833 918
14540 1 844 846
14541 0 833 918
14541 1 843 847
14542 0 833 918
14542 1 843 848
14543 0 833 918
14543 1 842 849
14544 0 833 918
14544 1 842 850
14545 0 833 918
14545 1 843 850
14546 0 833 918
14546 1 843 851
14547 0 833 918
14547 1 843 852
14548 0 833 918
14548 1 843 853
14549 0 833 918
14549 1 843 853
14550 0 833 918
14550 1 844 854
14551 0 833 918
14551 1 844 854
14552 0 833 918
14552 1 845 855
14553 0 833 918
14553 1 845 855
14554 0 833 918
14554 1 846 856
14555 0 833 918
14555 1 847 856
14556 0 833 918
14556 1 847 856
14557 0 833 918
14557 1 848 856
14558 0 833 918
14558 1 848 856
14559 0 833 918
14559 1 849 856
14560 0 833 918
14560 1 850 856
14561 0 833 918
14561 1 850 856
14562 0 833 918
14562 1 851 856
14563 0 833 918
14563 1 852 856
14564 0 833 918
14564 1 852 856
14565 0 833 918
14565 1 852 855
14566 0 833 918
14566 1 852 855
14567 0 833 918
14567 1 853 855
14568 0 833 918
14568 1 853 854
14569 0 833 918
14569 1 854 853
14570 0 833 918
14570 1 854 851
14571 0 833 918
14571 1 854 850
14572 0 833 918
14572 1 854 849
14573 0 833 918
14573 1 855 848
14574 0 833 918
14574 1 855 848
14575 0 833 918
14575 1 854 847
14576 0 833 918
14576 1 854 845
14577 0 833 918
14577 1 854 845
14578 0 833 918
14578 1 853 844
14579 0 833 918
14579 1 852 844
14580 0 832 918
14580 1 851 843
14581 0 832 918
14581 1 850 842
14582 0 832 918
14582 1 849 841
14583 0 832 918
14583 1 848 841
14584 0 832 918
14584 1 847 841
14585 0 832 918
14585 1 845 839
14586 0 832 918
14586 1 844 839
14587 0 832 918
14587 1 843 839
14588 0 832 918
14588 1 842 838
14589 0 832 918
14589 1 842 837
14590 0 832 918
14590 1 841 836
14591 0 832 918
14591 1 840 835
14592 0 832 918
14592 1 840 834
14593 0 832 918
14593 1 839 833
14594 0 832 918
14594 1 839 832
14595 0 832 919
14595 1 839 831
14596 0 832 919
14596 1 839 831
14597 0 832 919
14597 1 839 831
14598 0 832 919
14598 1 839 831
14599 0 832 919
14599 1 839 831
14600 0 832 919
14600 1 839 830
14601 0 832 919
14601 1 839 830
14602 0 832 919
14602 1 839 830
14603 0 832 919
14603 1 840 831
14604 0 832 919
14604 1 841 832
14605 0 832 919
14605 1 841 832
14606 0 832 919
14606 1 840 832
14607 0 832 919
14607 1 840 832
14608 0 832 920
14608 1 839 832
14609 0 832 920
14609 1 838 832
14610 0 832 920
14610 1 836 832
14611 0 832 921
14611 1 835 833
14612 0 832 921
14612 1 834 834
14613 0 832 921
14613 1 832 835
14614 0 832 921
14614 1 831 836
14615 0 832 921
14615 1 830 837
14616 0 832 921
14616 1 829 838
14617 0 832 921
14617 1 827 839
14618 0 832 921
14618 1 826 840
14619 0 832 921
14619 1 825 841
14620 0 832 921
14620 1 825 842
14621 0 832 921
14621 1 824 842
14622 0 832 921
14622 1 824 842
14623 0 832 921
14623 1 824 843
14624 0 832 921
14624 1 824 844
14625 0 832 921
14625 1 824 846
14626 0 832 921
14626 1 824 847
14627 0 832 921
14627 1 825 848
14628 0 832 921
14628 1 826 850
14629 0 832 921
14629 1 826 852
14630 0 832 921
14630 1 827 854
14631 0 832 921
14631 1 827 855
14632 0 832 921
14632 1 827 856
14633 0 832 921
14633 1 828 856
14634 0 832 921
14634 1 828 857
14635 0 832 921
14635 1 828 858
14636 0 832 921
14636 1 828 858
14637 0 832 921
14637 1 828 859
14638 0 832 921
14638 1 829 860
14639 0 832 921
14639 1 829 860
14640 0 832 921
14640 1 829 861
14641 0 832 921
14641 1 830 862
14642 0 832 921
14642 1 831 862
14643 0 832 921
14643 1 832 863
14644 0 832 921
14644 1 833 864
14645 0 832 921
14645 1 834 864
14646 0 832 921
14646 1 835 865
14647 0 832 921
14647 1 836 865
14648 0 832 921
14648 1 836 865
14649 0 832 921
14649 1 837 865
14650 0 832 921
14650 1 838 865
14651 0 832 921
14651 1 839 865
14652 0 832 921
14652 1 840 865
14653 0 832 921
14653 1 840 865
14654 0 832 921
14654 1 842 864
14655 0 832 921
14655 1 843 863
14656 0 832 921
14656 1 844 863
14657 0 832 921
14657 1 845 862
14658 0 833 921
14658 1 846 861
14659 0 833 922
14659 1 847 860
14660 0 834 922
14660 1 849 859
14661 0 834 922
14661 1 850 858
14662 0 834 922
14662 1 851 858
14663 0 834 922
14663 1 852 857
14664 0 834 922
14664 1 853 857
14665 0 835 922
14665 1 854 857
14666 0 835 922
14666 1 855 856
14667 0 835 922
14667 1 856 856
14668 0 836 922
14668 1 857 856
14669 0 836 922
14669 1 857 856
14670 0 836 922
14670 1 857 856
14671 0 836 922
14671 1 858 856
14672 0 836 922
14672 1 858 856
14673 0 836 922
14673 1 859 856
14674 0 836 922
14674 1 860 856
14675 0 836 922
14675 1 860 856
14676 0 836 922
14676 1 861 856
14677 0 836 922
14677 1 861 856
14678 0 836 922
14678 1 862 856
14679 0 836 922
14679 1 862 856
14680 0 836 922
14680 1 863 856
14681 0 837 922
14681 1 864 856
14682 0 837 922
14682 1 865 856
14683 0 838 922
14683 1 866 856
14684 0 839 921
14684 1 867 856
14685 0 839 921
14685 1 868 856
14686 0 840 921
14686 1 869 856
14687 0 841 920
14687 1 870 856
14688 0 841 920
14688 1 871 856
14689 0 842 920
14689 1 872 855
14690 0 842 920
14690 1 873 855
14691 0 842 920
14691 1 874 855
14692 0 842 920
14692 1 875 854
14693 0 842 920
14693 1 875 854
14694 0 842 920
14694 1 875 854
14695 0 842 920
14695 1 875 854
14696 0 842 920
14696 1 876 854
14697 0 842 920
14697 1 876 854
14698 0 842 920
14698 1 876 854
14699 0 842 920
14699 1 877 853
14700 0 843 920
14700 1 877 852
14701 0 843 920
14701 1 878 851
13376 0 750 752
13376 1 739 763
13377 0 750 752
13377 1 739 763
13378 0 750 752
13378 1 739 765
13379 0 750 752
13379 1 739 766
13380 0 750 752
13380 1 739 766
13381 0 750 752
13381 1 740 767
13382 0 750 752
13382 1 741 767
13383 0 750 752
13383 1 742 768
13384 0 750 752
13384 1 743 768
13385 0 750 752
13385 1 744 769
13386 0 750 752
13386 1 745 769
13387 0 750 752
13387 1 746 769
13388 0 750 752
13388 1 747 769
13389 0 750 752
13389 1 747 769
13390 0 750 752
13390 1 748 769
13391 0 750 752
13391 1 748 768
13392 0 750 752
13392 1 748 768
13393 0 750 752
13393 1 749 767
13394 0 750 752
13394 1 749 766
13395 0 749 752
13395 1 749 765
13396 0 749 752
13396 1 749 764
13397 0 749 752
13397 1 749 764
13398 0 749 752
13398 1 749 762
13399 0 749 752
13399 1 749 762
13400 0 749 752
13400 1 749 762
13401 0 749 751
13401 1 749 761
13402 0 748 751
13402 1 748 761
13403 0 748 750
13403 1 748 760
13404 0 746 749
13404 1 747 759
13405 0 745 748
13405 1 747 759
13406 0 743 748
13406 1 746 758
13407 0 741 747
13407 1 746 757
13408 0 740 746
13408 1 746 757
13409 0 739 745
13409 1 745 756
13410 0 738 745
13410 1 744 754
13411 0 738 745
13411 1 743 753
13412 0 738 745
13412 1 742 752
13413 0 737 744
13413 1 741 751
13414 0 736 744
13414 1 740 750
13415 0 735 743
13415 1 739 749
13416 0 734 743
13416 1 737 749
13417 0 734 743
13417 1 737 749
13418 0 733 743
13418 1 736 749
13419 0 732 743
13419 1 735 749
13420 0 732 743
13420 1 734 749
13421 0 732 743
13421 1 734 749
13422 0 731 743
13422 1 734 749
13423 0 730 742
13423 1 733 749
13424 0 730 742
13424 1 732 748
13425 0 728 741
13425 1 731 747
13426 0 727 740
13426 1 731 747
13427 0 725 739
13427 1 731 747
13428 0 723 738
13428 1 731 746
13429 0 722 738
13429 1 730 745
13430 0 722 738
13430 1 729 745
13431 0 721 737
13431 1 728 745
13432 0 721 737
13432 1 727 744
13433 0 721 737
13433 1 727 743
13434 0 721 737
13434 1 726 742
13435 0 720 737
13435 1 726 742
13436 0 719 736
13436 1 726 741
13437 0 718 736
13437 1 725 740
13438 0 718 736
13438 1 725 740
13439 0 718 736
13439 1 725 740
13440 0 718 736
13440 1 724 739
13441 0 717 736
13441 1 723 738
13442 0 717 736
13442 1 723 738
13443 0 717 736
13443 1 721 737
13444 0 717 736
13444 1 721 738
13445 0 717 736
13445 1 720 738
13446 0 717 736
13446 1 720 738
13447 0 717 736
13447 1 719 739
13448 0 717 736
13448 1 719 739
13449 0 717 736
13449 1 718 740
13450 0 717 736
13450 1 718 740
13451 0 716 736
13451 1 718 740
13452 0 715 736
13452 1 717 740
13453 0 714 736
13453 1 716 740
13454 0 713 736
13454 1 715 740
13455 0 711 736
13455 1 714 739
13456 0 708 735
13456 1 713 739
13457 0 707 735
13457 1 713 739
13458 0 705 735
13458 1 712 738
13459 0 703 735
13459 1 711 738
13460 0 702 735
13460 1 711 738
13461 0 701 735
13461 1 709 737
13462 0 700 735
13462 1 708 737
13463 0 700 735
13463 1 707 737
13464 0 699 735
13464 1 707 737
13465 0 699 735
13465 1 706 737
13466 0 698 735
13466 1 706 737
13467 0 691 735
13467 1 708 736
13468 0 690 735
13468 1 708 736
13469 0 689 735
13469 1 708 736
13470 0 689 735
13470 1 708 736
13471 0 688 735
13471 1 708 735
13472 0 688 735
13472 1 708 735
13473 0 688 735
13473 1 708 734
13474 0 687 734
13474 1 708 734
13475 0 687 734
13475 1 708 733
13476 0 686 733
13476 1 708 732
13477 0 685 732
13477 1 708 731
13478 0 684 732
13478 1 708 730
13479 0 684 731
13479 1 708 730
13480 0 683 730
13480 1 709 730
13481 0 683 730
13481 1 709 730
13482 0 683 730
13482 1 710 729
13483 0 683 730
13483 1 710 729
13484 0 683 730
13484 1 710 729
13485 0 683 730
13485 1 710 729
13486 0 683 730
13486 1 710 729
13487 0 683 730
13487 1 710 729
13488 0 683 730
13488 1 710 729
13489 0 683 730
13489 1 709 729
13490 0 683 730
13490 1 709 729
13491 0 683 730
13491 1 708 729
13492 0 683 730
13492 1 708 729
13493 0 683 730
13493 1 707 729
13494 0 683 730
13494 1 707 729
13495 0 683 730
13495 1 706 729
13496 0 683 730
13496 1 705 730
13497 0 683 730
13497 1 705 731
13498 0 683 730
13498 1 705 731
13499 0 683 730
13499 1 705 732
13500 0 683 730
13500 1 705 733
13501 0 683 730
13501 1 705 734
13502 0 683 730
13502 1 705 735
13503 0 682 730
13503 1 705 735
13504 0 682 730
13504 1 706 735
13505 0 682 730
13505 1 706 736
13506 0 682 730
13506 1 706 737
13507 0 682 730
13507 1 707 737
13508 0 682 730
13508 1 707 738
13509 0 682 730
13509 1 708 738
13510 0 682 730
13510 1 708 738
13511 0 682 730
13511 1 708 738
13512 0 682 730
13512 1 708 738
13513 0 682 730
13513 1 708 738
13514 0 682 730
13514 1 708 738
13515 0 682 730
13515 1 708 738
13516 0 682 730
13516 1 708 738
13517 0 682 730
13517 1 707 738
13518 0 682 730
13518 1 707 738
13519 0 682 730
13519 1 706 738
13520 0 682 730
13520 1 705 738
13521 0 681 730
13521 1 704 738
13522 0 681 730
13522 1 704 738
13523 0 681 730
13523 1 703 738
13524 0 681 730
13524 1 702 738
13525 0 681 730
13525 1 702 738
13526 0 681 730
13526 1 701 738
13527 0 681 730
13527 1 700 737
13528 0 681 730
13528 1 699 736
13529 0 681 730
13529 1 698 735
13530 0 681 730
13530 1 697 734
13531 0 681 730
13531 1 697 734
13532 0 681 730
13532 1 696 733
13533 0 681 730
13533 1 695 732
13534 0 681 730
13534 1 695 732
13535 0 681 730
13535 1 695 732
13536 0 681 731
13536 1 694 732
13537 0 681 731
13537 1 693 732
13538 0 681 731
13538 1 692 732
13539 0 681 731
13539 1 691 732
13540 0 680 731
13540 1 690 732
13541 0 679 731
13541 1 690 732
13542 0 678 731
13542 1 689 733
13543 0 677 732
13543 1 688 733
13544 0 675 733
13544 1 688 734
13545 0 673 734
13545 1 687 734
13546 0 672 734
13546 1 686 734
13547 0 670 735
13547 1 685 735
13548 0 669 736
13548 1 684 735
13549 0 669 736
13549 1 684 735
13550 0 668 736
13550 1 683 735
13551 0 667 737
13551 1 681 736
13552 0 666 738
13552 1 680 736
13553 0 665 739
13553 1 679 737
13554 0 664 739
13554 1 678 737
13555 0 664 739
13555 1 678 737
13556 0 664 739
13556 1 678 737
13557 0 664 739
13557 1 677 737
13558 0 664 739
13558 1 676 738
13559 0 663 739
13559 1 675 738
13560 0 663 739
13560 1 674 738
13561 0 662 740
13561 1 673 738
13562 0 662 740
13562 1 672 738
13563 0 662 740
13563 1 671 738
13564 0 662 740
13564 1 671 738
13565 0 661 740
13565 1 671 739
13566 0 661 741
13566 1 671 739
13567 0 660 741
13567 1 671 740
13568 0 658 742
13568 1 671 741
13569 0 657 743
13569 1 671 741
13570 0 656 744
13570 1 670 742
13571 0 654 745
13571 1 670 742
13572 0 652 746
13572 1 669 744
13573 0 651 747
13573 1 669 744
13574 0 651 747
13574 1 669 744
13575 0 651 747
13575 1 669 744
13576 0 651 747
13576 1 668 746
13577 0 650 748
13577 1 667 748
13578 0 650 748
13578 1 667 748
13579 0 649 748
13579 1 667 749
13580 0 648 749
13580 1 666 750
13581 0 647 750
13581 1 666 750
13582 0 647 750
13582 1 665 750
13583 0 647 750
13583 1 664 751
13584 0 647 750
13584 1 663 751
13585 0 646 750
13585 1 663 751
13586 0 645 750
13586 1 662 751
13587 0 644 751
13587 1 661 751
13588 0 643 751
13588 1 661 751
13589 0 642 752
13589 1 661 751
13590 0 642 752
13590 1 660 751
13591 0 642 752
13591 1 660 751
13592 0 642 752
13592 1 659 751
13593 0 642 752
13593 1 658 751
13594 0 642 752
13594 1 657 751
13595 0 642 752
13595 1 656 750
13596 0 642 752
13596 1 656 750
13597 0 642 752
13597 1 655 750
13598 0 642 752
13598 1 655 749
13599 0 642 752
13599 1 655 749
13600 0 642 752
13600 1 654 749
13601 0 642 752
13601 1 654 749
13602 0 641 752
13602 1 654 749
13603 0 641 753
13603 1 654 749
13604 0 641 754
13604 1 654 749
13605 0 641 754
13605 1 654 749
13606 0 641 755
13606 1 653 748
13607 0 640 755
13607 1 653 748
13608 0 640 755
13608 1 653 748
13609 0 640 755
13609 1 652 749
13610 0 640 755
13610 1 652 749
13611 0 640 755
13611 1 651 749
13612 0 640 755
13612 1 651 749
13613 0 640 755
13613 1 651 750
13614 0 640 755
13614 1 650 750
13615 0 640 755
13615 1 650 751
13616 0 640 755
13616 1 649 752
13617 0 640 755
13617 1 649 752
13618 0 640 755
13618 1 648 753
13619 0 642 767
13619 1 648 753
13620 0 642 767
13620 1 648 753
13621 0 643 768
13621 1 647 753
13622 0 644 769
13622 1 647 753
13623 0 645 770
13623 1 647 753
13624 0 646 771
13624 1 646 753
13625 0 647 772
13625 1 646 754
13626 0 649 774
13626 1 646 754
13627 0 651 776
13627 1 645 754
13628 0 652 778
13628 1 645 755
13629 0 652 778
13629 1 644 756
13630 0 653 778
13630 1 643 757
13631 0 653 778
13631 1 643 758
13632 0 653 778
13632 1 643 759
13633 0 653 778
13633 1 642 760
13634 0 653 778
13634 1 642 761
13635 0 653 778
13635 1 642 761
13636 0 653 779
13636 1 642 761
13637 0 654 780
13637 1 641 762
13638 0 654 781
13638 1 640 763
13639 0 654 781
13639 1 640 764
13640 0 654 781
13640 1 641 765
13641 0 655 782
13641 1 641 766
13642 0 655 782
13642 1 641 767
13643 0 655 782
13643 1 641 767
13644 0 655 783
13644 1 642 767
13645 0 655 783
13645 1 642 767
13646 0 655 783
13646 1 643 768
13647 0 656 785
13647 1 643 768
13648 0 656 785
13648 1 644 769
13649 0 657 787
13649 1 645 769
13650 0 657 789
13650 1 646 770
13651 0 658 791
13651 1 646 770
13652 0 658 793
13652 1 647 771
13653 0 658 794
13653 1 647 771
13654 0 658 795
13654 1 647 771
13655 0 658 796
13655 1 648 772
13656 0 658 796
13656 1 648 773
13657 0 658 796
13657 1 648 773
13658 0 658 797
13658 1 649 774
13659 0 658 797
13659 1 649 774
13660 0 658 797
13660 1 649 774
13661 0 658 797
13661 1 649 775
13662 0 658 797
13662 1 649 775
13663 0 658 797
13663 1 649 775
13664 0 658 797
13664 1 649 775
13665 0 658 797
13665 1 649 775
13666 0 658 797
13666 1 649 776
13667 0 658 797
13667 1 649 777
13668 0 659 797
13668 1 649 777
13669 0 659 797
13669 1 650 778
13670 0 659 797
13670 1 650 779
13671 0 659 797
13671 1 650 779
13672 0 659 797
13672 1 650 779
13673 0 659 797
13673 1 650 779
13674 0 660 798
13674 1 650 779
13675 0 661 798
13675 1 651 780
13676 0 662 799
13676 1 651 780
13677 0 662 799
13677 1 651 781
13678 0 663 800
13678 1 652 782
13679 0 664 801
13679 1 653 783
13680 0 665 802
13680 1 653 783
13681 0 666 802
13681 1 653 784
13682 0 667 803
13682 1 653 785
13683 0 667 803
13683 1 654 786
13684 0 668 803
13684 1 654 787
13685 0 669 803
13685 1 655 788
13686 0 669 803
13686 1 655 789
13687 0 669 803
13687 1 655 790
13688 0 669 803
13688 1 655 791
13689 0 670 803
13689 1 656 791
13690 0 670 803
13690 1 656 792
13691 0 671 803
13691 1 657 792
13692 0 672 804
13692 1 657 792
13693 0 673 804
13693 1 657 793
13694 0 675 805
13694 1 657 793
13695 0 676 805
13695 1 657 793
13696 0 678 806
13696 1 657 793
13697 0 680 807
13697 1 657 793
13698 0 682 808
13698 1 658 794
13699 0 683 808
13699 1 659 795
13700 0 685 809
13700 1 659 795
13701 0 686 809
13701 1 660 796
13702 0 686 809
13702 1 660 796
13703 0 687 809
13703 1 661 797
13704 0 688 809
13704 1 662 797
13705 0 689 809
13705 1 662 798
13706 0 690 809
13706 1 663 798
13707 0 691 809
13707 1 663 798
13708 0 691 809
13708 1 663 798
13709 0 691 809
13709 1 663 798
13710 0 691 809
13710 1 663 798
13711 0 691 809
13711 1 663 798
13712 0 692 809
13712 1 663 798
13713 0 692 809
13713 1 663 798
13714 0 693 810
13714 1 663 798
13715 0 693 810
13715 1 664 799
13716 0 693 810
13716 1 664 799
13717 0 693 810
13717 1 664 799
13718 0 693 810
13718 1 664 799
13719 0 693 810
13719 1 664 799
13720 0 693 810
13720 1 664 799
13721 0 693 810
13721 1 664 799
13722 0 693 810
13722 1 664 799
13723 0 693 810
13723 1 663 799
13724 0 693 810
13724 1 663 799
13725 0 693 810
13725 1 663 799
13726 0 693 809
13726 1 663 799
13727 0 694 809
13727 1 663 799
13728 0 694 809
13728 1 663 799
13729 0 694 809
13729 1 663 799
13730 0 694 809
13730 1 663 799
13731 0 694 809
13731 1 663 799
13732 0 694 809
13732 1 664 799
13733 0 694 809
13733 1 664 799
13734 0 694 809
13734 1 665 799
13735 0 695 808
13735 1 665 799
13736 0 695 808
13736 1 666 799
13737 0 695 808
13737 1 666 799
13738 0 695 808
13738 1 666 799
13739 0 695 808
13739 1 666 799
13740 0 695 808
13740 1 666 799
13741 0 695 808
13741 1 667 799
13742 0 695 808
13742 1 667 799
13743 0 695 808
13743 1 667 799
13744 0 695 808
13744 1 668 799
13745 0 695 808
13745 1 668 799
13746 0 695 808
13746 1 669 799
13747 0 695 808
13747 1 669 799
13748 0 695 808
13748 1 669 799
13749 0 695 808
13749 1 670 800
13750 0 695 808
13750 1 670 800
13751 0 695 808
13751 1 671 801
13752 0 695 808
13752 1 671 801
13753 0 695 808
13753 1 671 801
13754 0 695 808
13754 1 671 802
13755 0 695 808
13755 1 671 803
13756 0 695 808
13756 1 671 804
13757 0 695 808
13757 1 672 805
13758 0 695 808
13758 1 672 805
13759 0 695 808
13759 1 672 806
13760 0 695 808
13760 1 672 807
13761 0 695 808
13761 1 672 807
13762 0 695 808
13762 1 672 807
13763 0 695 808
13763 1 672 808
13764 0 695 808
13764 1 672 808
13765 0 695 808
13765 1 672 808
13766 0 695 808
13766 1 673 808
13767 0 695 808
13767 1 673 808
13768 0 695 808
13768 1 673 808
13769 0 695 808
13769 1 673 808
13770 0 695 808
13770 1 673 808
13771 0 695 808
13771 1 673 808
13772 0 695 808
13772 1 673 808
13773 0 695 808
13773 1 673 808
13774 0 695 808
13774 1 674 808
13775 0 695 808
13775 1 674 809
13776 0 695 808
13776 1 675 809
13777 0 695 808
13777 1 675 809
13778 0 695 808
13778 1 675 809
13779 0 695 808
13779 1 675 809
13780 0 696 808
13780 1 676 809
13781 0 697 808
13781 1 676 809
13782 0 698 808
13782 1 676 809
13783 0 700 808
13783 1 677 809
13784 0 701 808
13784 1 678 809
13785 0 703 808
13785 1 678 809
13786 0 704 808
13786 1 679 809
13787 0 705 808
13787 1 680 808
13788 0 705 808
13788 1 681 808
13789 0 705 808
13789 1 682 808
13790 0 706 807
13790 1 683 807
13791 0 707 807
13791 1 683 807
13792 0 708 807
13792 1 684 807
13793 0 709 807
13793 1 685 807
13794 0 709 807
13794 1 686 807
13795 0 709 807
13795 1 687 807
13796 0 710 806
13796 1 688 807
13797 0 710 806
13797 1 689 807
13798 0 710 806
13798 1 689 807
13799 0 711 806
13799 1 689 807
13800 0 712 805
13800 1 690 807
13801 0 713 805
13801 1 691 807
13802 0 714 805
13802 1 692 807
13803 0 715 805
13803 1 693 807
13804 0 716 805
13804 1 694 807
13805 0 717 804
13805 1 695 807
13806 0 718 804
13806 1 696 807
13807 0 718 804
13807 1 697 806
13808 0 719 804
13808 1 698 806
13809 0 719 804
13809 1 699 806
13810 0 719 804
13810 1 699 806
13811 0 720 803
13811 1 700 805
13812 0 720 803
13812 1 700 805
13813 0 721 803
13813 1 701 805
13814 0 723 802
13814 1 702 805
13815 0 724 801
13815 1 703 805
13816 0 725 799
13816 1 704 804
13817 0 726 798
13817 1 704 804
13818 0 727 797
13818 1 704 804
13819 0 728 796
13819 1 705 804
13820 0 730 795
13820 1 705 804
13821 0 730 795
13821 1 705 804
13822 0 731 794
13822 1 706 804
13823 0 731 794
13823 1 707 804
13824 0 732 794
13824 1 707 804
13825 0 732 794
13825 1 707 804
13826 0 732 794
13826 1 707 804
13827 0 733 794
13827 1 708 804
13828 0 734 794
13828 1 708 804
13829 0 735 794
13829 1 708 804
13830 0 736 794
13830 1 709 804
13831 0 736 794
13831 1 710 805
13832 0 736 794
13832 1 710 805
13833 0 737 794
13833 1 711 805
13834 0 737 794
13834 1 711 805
13835 0 736 792
13835 1 717 802
13836 0 736 792
13836 1 717 802
13837 0 736 792
13837 1 718 802
13838 0 736 792
13838 1 718 802
13839 0 736 792
13839 1 718 802
13840 0 736 792
13840 1 718 802
13841 0 736 792
13841 1 719 802
13842 0 736 792
13842 1 719 802
13843 0 736 792
13843 1 720 802
13844 0 736 792
13844 1 720 802
13845 0 736 792
13845 1 720 801
13846 0 736 792
13846 1 721 801
13847 0 736 792
13847 1 722 801
13848 0 736 792
13848 1 723 801
13849 0 736 792
13849 1 723 801
13850 0 736 792
13850 1 724 802
13851 0 736 792
13851 1 724 802
13852 0 736 792
13852 1 725 803
13853 0 736 792
13853 1 726 803
13854 0 736 792
13854 1 726 803
13855 0 736 792
13855 1 726 803
13856 0 736 792
13856 1 726 803
13857 0 736 792
13857 1 726 803
13858 0 736 792
13858 1 726 803
13859 0 736 792
13859 1 726 803
13860 0 736 792
13860 1 726 803
13861 0 736 792
13861 1 726 803
13862 0 736 792
13862 1 726 803
13863 0 736 792
13863 1 726 803
13864 0 736 792
13864 1 727 804
13865 0 736 792
13865 1 727 804
13866 0 736 792
13866 1 727 805
13867 0 736 792
13867 1 727 805
13868 0 736 792
13868 1 727 805
13869 0 736 792
13869 1 727 805
13870 0 736 791
13870 1 728 805
13871 0 736 791
13871 1 728 805
13872 0 736 791
13872 1 728 805
13873 0 736 791
13873 1 728 805
13874 0 736 791
13874 1 728 805
13875 0 736 791
13875 1 728 805
13876 0 736 791
13876 1 728 806
13877 0 736 791
13877 1 729 806
13878 0 736 791
13878 1 729 806
13879 0 736 791
13879 1 729 806
13880 0 736 791
13880 1 729 806
13881 0 736 791
13881 1 729 806
13882 0 736 791
13882 1 729 805
13883 0 736 791
13883 1 729 805
13884 0 736 791
13884 1 729 805
13885 0 736 791
13885 1 729 805
13886 0 736 791
13886 1 729 805
13887 0 736 791
13887 1 729 805
13888 0 736 791
13888 1 729 805
13889 0 737 790
13889 1 729 804
13890 0 738 789
13890 1 729 803
13891 0 739 789
13891 1 729 803
13892 0 739 788
13892 1 729 802
13893 0 740 788
13893 1 730 801
13894 0 740 788
13894 1 730 800
13895 0 740 788
13895 1 730 799
13896 0 740 788
13896 1 731 798
13897 0 740 788
13897 1 731 797
13898 0 740 788
13898 1 732 796
13899 0 740 788
13899 1 732 795
13900 0 740 788
13900 1 732 795
13901 0 741 787
13901 1 732 795
13902 0 741 787
13902 1 732 795
13903 0 742 787
13903 1 732 795
13904 0 744 786
13904 1 732 795
13905 0 745 785
13905 1 733 794
13906 0 746 784
13906 1 733 794
13907 0 748 783
13907 1 734 793
13908 0 749 783
13908 1 735 792
13909 0 751 782
13909 1 735 792
13910 0 753 781
13910 1 737 791
13911 0 754 780
13911 1 737 791
13912 0 756 779
13912 1 738 791
13913 0 757 778
13913 1 739 790
13914 0 757 778
13914 1 739 790
13915 0 758 777
13915 1 740 790
13916 0 760 776
13916 1 740 789
13917 0 761 775
13917 1 740 789
13918 0 761 775
13918 1 740 788
13919 0 762 775
13919 1 741 788
13920 0 762 775
13920 1 741 787
13921 0 762 775
13921 1 741 787
13922 0 762 774
13922 1 741 787
13923 0 763 774
13923 1 741 787
13924 0 764 773
13924 1 741 787
13925 0 765 772
13925 1 741 787
13926 0 766 772
13926 1 741 787
13927 0 766 772
13927 1 741 787
13928 0 766 772
13928 1 741 787
13929 0 766 772
13929 1 741 787
13930 0 766 772
13930 1 741 787
13931 0 767 771
13931 1 741 787
13932 0 768 771
13932 1 741 786
13933 0 768 771
13933 1 741 786
13934 0 768 771
13934 1 741 786
13935 0 768 771
13935 1 741 786
13936 0 768 771
13936 1 741 786
13937 0 768 771
13937 1 741 786
13938 0 768 771
13938 1 741 786
13939 0 768 771
13939 1 741 786
13940 0 768 771
13940 1 741 786
13941 0 768 771
13941 1 741 786
13942 0 768 771
13942 1 741 786
13943 0 768 771
13943 1 741 785
13944 0 768 771
13944 1 742 785
13945 0 768 771
13945 1 742 785
13946 0 768 771
13946 1 743 785
13947 0 768 771
13947 1 744 785
13948 0 768 771
13948 1 744 785
13949 0 768 771
13949 1 745 785
13950 0 768 771
13950 1 745 785
13951 0 768 771
13951 1 746 786
13952 0 768 771
13952 1 746 786
13953 0 768 771
13953 1 747 787
13954 0 768 771
13954 1 748 787
13955 0 768 771
13955 1 748 787
13956 0 768 771
13956 1 748 787
13957 0 768 771
13957 1 749 788
13958 0 768 771
13958 1 749 788
13959 0 768 771
13959 1 749 788
13960 0 768 771
13960 1 749 788
13961 0 768 771
13961 1 750 789
13962 0 768 771
13962 1 750 789
13963 0 769 771
13963 1 751 789
13964 0 769 771
13964 1 752 789
13965 0 769 771
13965 1 752 789
13966 0 769 771
13966 1 752 789
13967 0 769 771
13967 1 752 789
13968 0 769 771
13968 1 752 788
13969 0 769 771
13969 1 753 788
13970 0 770 771
13970 1 754 787
13971 0 770 771
13971 1 754 787
13972 0 770 771
13972 1 753 787
13973 0 771 772
13973 1 753 786
13974 0 771 772
13974 1 753 786
13975 0 771 772
13975 1 753 785
13976 0 771 772
13976 1 753 784
13977 0 771 772
13977 1 753 782
13978 0 771 772
13978 1 753 781
13979 0 771 772
13979 1 754 780
13980 0 771 772
13980 1 754 779
13981 0 771 772
13981 1 754 778
13982 0 771 772
13982 1 754 777
13983 0 771 772
13983 1 755 776
13984 0 771 772
13984 1 755 776
13985 0 771 772
13985 1 756 775
13986 0 771 772
13986 1 756 775
13987 0 771 772
13987 1 757 774
13988 0 771 772
13988 1 757 774
13989 0 771 772
13989 1 758 774
13990 0 771 772
13990 1 758 773
13991 0 771 772
13991 1 759 773
13992 0 772 772
13992 1 759 773
13993 0 772 773
13993 1 760 773
13994 0 773 773
13994 1 760 773
13995 0 774 774
13995 1 760 773
13996 0 775 774
13996 1 761 773
13997 0 776 775
13997 1 761 772
13998 0 777 776
13998 1 762 772
13999 0 778 777
13999 1 762 772
14000 0 779 778
14000 1 762 772
14001 0 780 779
14001 1 763 772
14002 0 780 779
14002 1 764 772
14003 0 781 780
14003 1 765 773
14004 0 781 780
14004 1 765 773
14005 0 781 780
14005 1 766 773
14006 0 782 781
14006 1 766 773
14007 0 782 781
14007 1 767 773
14008 0 782 781
14008 1 768 774
14009 0 782 781
14009 1 769 775
14010 0 782 781
14010 1 770 775
14011 0 782 781
14011 1 771 775
14012 0 782 781
14012 1 772 776
14013 0 783 782
14013 1 772 776
14014 0 783 782
14014 1 773 776
14015 0 784 782
14015 1 773 776
14016 0 784 782
14016 1 773 776
14017 0 784 782
14017 1 774 776
14018 0 785 783
14018 1 774 776
14019 0 786 784
14019 1 774 776
14020 0 788 784
14020 1 775 777
14021 0 790 784
14021 1 775 777
14022 0 791 784
14022 1 775 777
14023 0 793 785
14023 1 776 777
14024 0 795 785
14024 1 777 778
14025 0 796 785
14025 1 778 779
14026 0 796 785
14026 1 778 779
14027 0 796 785
14027 1 779 780
14028 0 796 785
14028 1 781 781
14029 0 797 785
14029 1 781 781
14030 0 798 785
14030 1 782 782
14031 0 798 785
14031 1 782 782
14032 0 801 785
14032 1 786 785
14033 0 801 785
14033 1 786 785
14034 0 801 785
14034 1 786 785
14035 0 801 785
14035 1 787 785
14036 0 801 785
14036 1 787 786
14037 0 802 785
14037 1 787 786
14038 0 802 785
14038 1 787 786
14039 0 802 785
14039 1 788 786
14040 0 803 785
14040 1 788 786
14041 0 803 785
14041 1 789 785
14042 0 803 784
14042 1 790 785
14043 0 803 784
14043 1 791 785
14044 0 804 784
14044 1 791 784
14045 0 804 784
14045 1 792 784
14046 0 804 783
14046 1 792 784
14047 0 804 783
14047 1 793 784
14048 0 805 783
14048 1 793 784
14049 0 805 782
14049 1 793 784
14050 0 805 781
14050 1 793 784
14051 0 806 780
14051 1 794 785
14052 0 806 779
14052 1 795 785
14053 0 806 778
14053 1 795 785
14054 0 807 777
14054 1 796 785
14055 0 807 775
14055 1 797 785
14056 0 807 775
14056 1 798 785
14057 0 807 775
14057 1 799 785
14058 0 807 774
14058 1 799 785
14059 0 807 774
14059 1 800 785
14060 0 807 773
14060 1 800 785
14061 0 807 772
14061 1 800 785
14062 0 807 771
14062 1 800 785
14063 0 808 770
14063 1 800 785
14064 0 808 770
14064 1 800 785
14065 0 808 770
14065 1 800 784
14066 0 808 770
14066 1 800 784
14067 0 808 770
14067 1 800 784
14068 0 808 770
14068 1 800 784
14069 0 808 770
14069 1 800 784
14070 0 808 770
14070 1 800 784
14071 0 808 770
14071 1 800 784
14072 0 808 770
14072 1 800 784
14073 0 808 770
14073 1 801 784
14074 0 808 770
14074 1 801 784
14075 0 808 770
14075 1 801 784
14076 0 808 770
14076 1 801 784
14077 0 808 770
14077 1 801 784
14078 0 808 770
14078 1 801 784
14079 0 808 770
14079 1 801 784
14080 0 808 770
14080 1 801 784
14081 0 808 770
14081 1 801 784
14082 0 808 770
14082 1 801 784
14083 0 808 771
14083 1 801 784
14084 0 808 771
14084 1 801 784
14085 0 808 769
14085 1 800 786
14086 0 808 769
14086 1 800 786
14087 0 808 769
14087 1 800 786
14088 0 808 769
14088 1 800 786
14089 0 807 770
14089 1 800 786
14090 0 807 770
14090 1 800 786
14091 0 807 771
14091 1 800 786
14092 0 807 771
14092 1 801 787
14093 0 807 771
14093 1 801 787
14094 0 807 771
14094 1 801 787
14095 0 807 771
14095 1 801 787
14096 0 808 771
14096 1 801 787
14097 0 808 771
14097 1 801 787
14098 0 809 771
14098 1 801 787
14099 0 810 771
14099 1 801 787
14100 0 811 771
14100 1 801 787
14101 0 811 771
14101 1 801 787
14102 0 811 771
14102 1 801 787
14103 0 811 771
14103 1 801 787
14104 0 812 772
14104 1 801 787
14105 0 812 772
14105 1 801 787
14106 0 812 772
14106 1 801 787
14107 0 812 772
14107 1 801 787
14108 0 812 772
14108 1 801 787
14109 0 812 772
14109 1 801 787
14110 0 812 772
14110 1 801 787
14111 0 812 772
14111 1 801 788
14112 0 812 772
14112 1 801 788
14113 0 812 772
14113 1 801 788
14114 0 812 772
14114 1 801 788
14115 0 812 772
14115 1 801 788
14116 0 812 772
14116 1 801 788
14117 0 812 772
14117 1 801 788
14118 0 812 772
14118 1 801 788
14119 0 812 772
14119 1 801 788
14120 0 812 772
14120 1 802 787
14121 0 812 772
14121 1 802 786
14122 0 812 772
14122 1 803 785
14123 0 812 772
14123 1 803 785
14124 0 812 772
14124 1 803 784
14125 0 812 772
14125 1 803 784
14126 0 812 772
14126 1 803 783
14127 0 812 772
14127 1 803 782
14128 0 813 772
14128 1 803 782
14129 0 813 772
14129 1 803 782
14130 0 813 772
14130 1 803 781
14131 0 813 772
14131 1 803 781
14132 0 813 772
14132 1 803 781
14133 0 813 772
14133 1 803 781
14134 0 813 772
14134 1 803 781
14135 0 813 772
14135 1 803 781
14136 0 813 772
14136 1 803 780
14137 0 813 772
14137 1 803 780
14138 0 813 772
14138 1 803 780
14139 0 814 773
14139 1 803 780
14140 0 814 773
14140 1 803 780
14141 0 814 773
14141 1 803 780
14142 0 815 774
14142 1 803 780
14143 0 816 775
14143 1 803 779
14144 0 817 776
14144 1 803 779
14145 0 818 777
14145 1 804 778
14146 0 819 778
14146 1 804 778
14147 0 819 779
14147 1 805 778
14148 0 820 779
14148 1 805 777
14149 0 820 779
14149 1 805 776
14150 0 820 779
14150 1 806 776
14151 0 820 779
14151 1 806 776
14152 0 820 780
14152 1 807 776
14153 0 821 781
14153 1 808 776
14154 0 821 781
14154 1 809 776
14155 0 822 781
14155 1 809 776
14156 0 822 781
14156 1 810 776
14157 0 822 781
14157 1 810 776
14158 0 822 781
14158 1 810 776
14159 0 822 781
14159 1 810 776
14160 0 822 782
14160 1 811 776
14161 0 823 782
14161 1 811 776
14162 0 823 782
14162 1 811 777
14163 0 823 782
14163 1 812 777
14164 0 825 788
14164 1 813 780
14165 0 825 788
14165 1 813 780
14166 0 826 789
14166 1 814 781
14167 0 827 790
14167 1 814 781
14168 0 828 791
14168 1 815 782
14169 0 829 792
14169 1 816 783
14170 0 830 793
14170 1 816 784
14171 0 831 794
14171 1 817 785
14172 0 832 795
14172 1 817 785
14173 0 832 796
14173 1 818 786
14174 0 832 796
14174 1 819 787
14175 0 832 796
14175 1 820 787
14176 0 832 796
14176 1 820 787
14177 0 833 797
14177 1 820 788
14178 0 833 797
14178 1 821 788
14179 0 833 797
14179 1 821 788
14180 0 833 797
14180 1 821 788
14181 0 833 798
14181 1 821 788
14182 0 834 798
14182 1 822 788
14183 0 834 799
14183 1 822 789
14184 0 834 800
14184 1 823 789
14185 0 834 801
14185 1 824 790
14186 0 834 801
14186 1 825 790
14187 0 834 801
14187 1 825 791
14188 0 834 802
14188 1 826 792
14189 0 834 802
14189 1 827 792
14190 0 834 802
14190 1 827 792
14191 0 834 802
14191 1 828 793
14192 0 835 803
14192 1 828 793
14193 0 835 804
14193 1 829 793
14194 0 836 804
14194 1 830 794
14195 0 836 805
14195 1 830 794
14196 0 837 807
14196 1 830 794
14197 0 837 807
14197 1 830 794
14198 0 838 809
14198 1 830 794
14199 0 838 810
14199 1 830 794
14200 0 839 811
14200 1 831 795
14201 0 839 813
14201 1 831 795
14202 0 840 813
14202 1 831 795
14203 0 840 814
14203 1 832 796
14204 0 840 814
14204 1 833 796
14205 0 840 814
14205 1 833 797
14206 0 840 814
14206 1 833 797
14207 0 840 814
14207 1 833 798
14208 0 840 814
14208 1 833 799
14209 0 840 814
14209 1 833 799
14210 0 840 815
14210 1 833 799
14211 0 841 815
14211 1 833 799
14212 0 841 815
14212 1 834 800
14213 0 841 815
14213 1 834 800
14214 0 842 816
14214 1 835 801
14215 0 842 816
14215 1 835 802
14216 0 842 816
14216 1 836 803
14217 0 842 816
14217 1 836 803
14218 0 842 816
14218 1 837 804
14219 0 842 816
14219 1 838 805
14220 0 842 816
14220 1 838 806
14221 0 842 817
14221 1 839 806
14222 0 842 817
14222 1 839 806
14223 0 842 817
14223 1 839 806
14224 0 842 818
14224 1 839 807
14225 0 843 819
14225 1 839 808
14226 0 843 820
14226 1 839 809
14227 0 844 822
14227 1 839 809
14228 0 844 823
14228 1 839 811
14229 0 845 825
14229 1 839 811
14230 0 845 827
14230 1 840 812
14231 0 846 828
14231 1 840 813
14232 0 847 830
14232 1 840 814
14233 0 847 831
14233 1 841 815
14234 0 847 832
14234 1 841 815
14235 0 847 832
14235 1 841 815
14236 0 847 833
14236 1 842 815
14237 0 847 834
14237 1 842 815
14238 0 847 834
14238 1 842 816
14239 0 847 834
14239 1 843 816
14240 0 847 835
14240 1 843 817
14241 0 847 835
14241 1 844 817
14242 0 847 836
14242 1 844 817
14243 0 848 836
14243 1 844 817
14244 0 848 838
14244 1 848 817
14245 0 848 838
14245 1 848 817
14246 0 848 838
14246 1 849 817
14247 0 848 838
14247 1 849 817
14248 0 848 838
14248 1 849 817
14249 0 848 838
14249 1 849 817
14250 0 848 838
14250 1 849 817
14251 0 848 838
14251 1 849 817
14252 0 848 838
14252 1 849 817
14253 0 848 838
14253 1 849 817
14254 0 848 838
14254 1 849 817
14255 0 848 838
14255 1 849 817
14256 0 848 838
14256 1 849 817
14257 0 848 838
14257 1 849 817
14258 0 848 838
14258 1 849 817
14259 0 848 838
14259 1 849 817
14260 0 848 838
14260 1 849 817
14261 0 848 838
14261 1 849 817
14262 0 848 838
14262 1 849 817
14263 0 848 838
14263 1 849 817
14264 0 848 838
14264 1 849 817
14265 0 848 838
14265 1 849 817
14266 0 848 838
14266 1 850 817
14267 0 848 838
14267 1 850 817
14268 0 848 838
14268 1 850 817
14269 0 848 838
14269 1 850 817
14270 0 848 838
14270 1 850 817
14271 0 848 838
14271 1 850 817
14272 0 848 838
14272 1 850 817
14273 0 848 838
14273 1 850 817
14274 0 848 838
14274 1 850 817
14275 0 848 838
14275 1 850 818
14276 0 848 838
14276 1 850 818
14277 0 848 838
14277 1 850 818
14278 0 848 838
14278 1 850 819
14279 0 848 838
14279 1 850 820
14280 0 848 838
14280 1 850 821
14281 0 848 838
14281 1 849 822
14282 0 848 838
14282 1 849 823
14283 0 848 838
14283 1 849 824
14284 0 848 838
14284 1 849 825
14285 0 848 838
14285 1 849 825
14286 0 848 838
14286 1 849 825
14287 0 848 838
14287 1 849 825
14288 0 848 839
14288 1 848 826
14289 0 848 839
14289 1 848 827
14290 0 848 840
14290 1 848 828
14291 0 849 842
14291 1 848 828
14292 0 849 842
14292 1 848 829
14293 0 849 843
14293 1 848 829
14294 0 849 845
14294 1 848 830
14295 0 848 846
14295 1 848 830
14296 0 848 847
14296 1 848 831
14297 0 847 848
14297 1 848 831
14298 0 846 849
14298 1 848 831
14299 0 845 850
14299 1 848 832
14300 0 845 850
14300 1 849 833
14301 0 845 850
14301 1 849 833
14302 0 845 850
14302 1 849 834
14303 0 845 850
14303 1 849 834
14304 0 845 850
14304 1 850 835
14305 0 845 851
14305 1 850 836
14306 0 844 852
14306 1 850 836
14307 0 844 852
14307 1 850 837
14308 0 844 853
14308 1 851 838
14309 0 844 854
14309 1 851 839
14310 0 844 854
14310 1 851 839
14311 0 844 854
14311 1 851 839
14312 0 844 854
14312 1 851 840
14313 0 844 854
14313 1 851 841
14314 0 844 855
14314 1 851 841
14315 0 844 855
14315 1 851 841
14316 0 844 855
14316 1 851 841
14317 0 845 855
14317 1 851 842
14318 0 845 856
14318 1 851 842
14319 0 845 857
14319 1 851 842
14320 0 846 860
14320 1 851 842
14321 0 847 861
14321 1 851 842
14322 0 847 862
14322 1 851 843
14323 0 847 864
14323 1 851 843
14324 0 848 865
14324 1 851 844
14325 0 848 866
14325 1 850 845
14326 0 848 866
14326 1 850 846
14327 0 848 867
14327 1 850 847
14328 0 848 868
14328 1 849 848
14329 0 849 869
14329 1 849 849
14330 0 849 870
14330 1 849 850
14331 0 849 872
14331 1 848 850
14332 0 849 873
14332 1 848 851
14333 0 849 874
14333 1 847 851
14334 0 849 875
14334 1 847 852
14335 0 849 876
14335 1 846 853
