FRAME   ID  X   Y (0 is Leader, 1 is Follower)
16451 0 564 209
16451 1 584 205
16452 0 564 209
16452 1 584 205
16453 0 564 209
16453 1 584 205
16454 0 564 209
16454 1 584 205
16455 0 564 209
16455 1 584 205
16456 0 564 209
16456 1 584 205
16457 0 564 209
16457 1 584 205
16458 0 564 209
16458 1 584 205
16459 0 564 209
16459 1 584 205
16460 0 564 209
16460 1 585 205
16461 0 564 209
16461 1 585 205
16462 0 564 209
16462 1 585 205
16463 0 564 209
16463 1 584 205
16464 0 564 209
16464 1 583 205
16465 0 563 208
16465 1 583 205
16466 0 563 208
16466 1 582 205
16467 0 563 208
16467 1 581 206
16468 0 562 207
16468 1 581 206
16469 0 561 206
16469 1 580 206
16470 0 561 206
16470 1 579 207
16471 0 561 206
16471 1 578 207
16472 0 561 206
16472 1 578 207
16473 0 561 206
16473 1 578 207
16474 0 561 206
16474 1 578 207
16475 0 561 206
16475 1 577 207
16476 0 561 205
16476 1 577 207
16477 0 561 204
16477 1 576 207
16478 0 560 203
16478 1 576 207
16479 0 559 202
16479 1 575 207
16480 0 559 202
16480 1 575 207
16481 0 558 202
16481 1 574 207
16482 0 557 200
16482 1 574 207
16483 0 556 199
16483 1 573 207
16484 0 555 198
16484 1 573 207
16485 0 554 197
16485 1 572 207
16486 0 554 197
16486 1 571 207
16487 0 553 196
16487 1 570 207
16488 0 553 195
16488 1 569 207
16489 0 553 195
16489 1 569 207
16490 0 553 195
16490 1 568 207
16491 0 553 195
16491 1 567 207
16492 0 553 195
16492 1 567 207
16493 0 553 195
16493 1 567 207
16494 0 553 195
16494 1 566 207
16495 0 553 195
16495 1 565 207
16496 0 553 195
16496 1 564 207
16497 0 553 195
16497 1 564 207
16498 0 553 195
16498 1 563 207
16499 0 552 194
16499 1 563 207
16500 0 552 194
16500 1 563 207
16501 0 551 194
16501 1 562 207
16502 0 551 194
16502 1 562 207
16503 0 550 193
16503 1 561 206
16504 0 549 192
16504 1 561 206
16505 0 549 192
16505 1 560 206
16506 0 547 190
16506 1 559 205
16507 0 547 190
16507 1 559 204
16508 0 546 190
16508 1 558 204
16509 0 546 190
16509 1 558 203
16510 0 546 190
16510 1 557 202
16511 0 546 190
16511 1 556 201
16512 0 546 190
16512 1 556 200
16513 0 546 190
16513 1 555 200
16514 0 545 190
16514 1 555 200
16515 0 545 190
16515 1 555 200
16516 0 544 190
16516 1 555 200
16517 0 544 190
16517 1 555 200
16518 0 544 190
16518 1 555 200
16519 0 543 190
16519 1 554 199
16520 0 542 190
16520 1 554 199
16521 0 540 190
16521 1 554 199
16522 0 539 190
16522 1 554 199
16523 0 538 190
16523 1 554 199
16524 0 536 191
16524 1 554 199
16525 0 535 191
16525 1 553 199
16526 0 534 192
16526 1 553 199
16527 0 533 192
16527 1 553 199
16528 0 532 193
16528 1 553 199
16529 0 532 193
16529 1 553 199
16530 0 532 193
16530 1 553 199
16531 0 531 194
16531 1 552 198
16532 0 531 194
16532 1 552 198
16533 0 531 194
16533 1 551 197
16534 0 531 194
16534 1 551 197
16535 0 530 195
16535 1 551 197
16536 0 530 195
16536 1 551 197
16537 0 530 195
16537 1 551 196
16538 0 530 195
16538 1 551 196
16539 0 530 195
16539 1 551 196
16540 0 530 195
16540 1 551 196
16541 0 530 195
16541 1 551 196
16542 0 530 195
16542 1 551 196
16543 0 530 195
16543 1 551 196
16544 0 530 195
16544 1 551 196
16545 0 530 195
16545 1 551 196
16546 0 530 195
16546 1 552 196
16547 0 530 195
16547 1 552 196
16548 0 530 195
16548 1 552 196
16549 0 530 195
16549 1 552 196
16550 0 530 195
16550 1 552 196
16551 0 530 195
16551 1 552 196
16552 0 530 195
16552 1 552 196
16553 0 530 195
16553 1 552 196
16554 0 530 195
16554 1 552 196
16555 0 530 195
16555 1 552 197
16556 0 530 195
16556 1 552 197
16557 0 530 195
16557 1 552 197
16558 0 530 195
16558 1 552 197
16559 0 530 195
16559 1 552 197
16560 0 530 195
16560 1 551 197
16561 0 530 195
16561 1 551 197
16562 0 530 195
16562 1 551 197
16563 0 530 195
16563 1 551 196
16564 0 530 195
16564 1 551 196
16565 0 530 195
16565 1 551 196
16566 0 530 195
16566 1 551 196
16567 0 530 195
16567 1 551 195
16568 0 530 196
16568 1 551 195
16569 0 530 196
16569 1 551 195
16570 0 530 196
16570 1 551 195
16571 0 530 196
16571 1 551 194
16572 0 530 196
16572 1 551 194
16573 0 530 196
16573 1 551 194
16574 0 530 196
16574 1 551 194
16575 0 530 196
16575 1 551 194
16576 0 530 196
16576 1 551 194
16577 0 530 196
16577 1 551 194
16578 0 530 196
16578 1 551 194
16579 0 530 196
16579 1 551 194
16580 0 530 196
16580 1 552 194
16581 0 529 197
16581 1 552 194
16582 0 529 197
16582 1 552 194
16583 0 528 197
16583 1 552 194
16584 0 528 197
16584 1 552 194
16585 0 528 197
16585 1 552 194
16586 0 528 197
16586 1 552 194
16587 0 528 197
16587 1 552 194
16588 0 528 197
16588 1 552 194
16589 0 528 197
16589 1 552 194
16590 0 527 197
16590 1 552 194
16591 0 526 197
16591 1 552 194
16592 0 525 197
16592 1 552 194
16593 0 525 197
16593 1 552 194
16594 0 524 197
16594 1 552 194
16595 0 524 197
16595 1 552 194
16596 0 524 197
16596 1 552 194
16597 0 524 197
16597 1 552 194
16598 0 524 197
16598 1 552 194
16599 0 523 197
16599 1 552 194
16600 0 523 197
16600 1 552 194
16601 0 522 196
16601 1 552 194
16602 0 522 196
16602 1 552 194
16603 0 522 196
16603 1 552 194
16604 0 522 196
16604 1 552 194
16605 0 522 196
16605 1 552 194
16606 0 522 196
16606 1 552 194
16607 0 522 196
16607 1 552 194
16608 0 521 195
16608 1 552 194
16609 0 521 195
16609 1 552 194
16610 0 521 195
16610 1 552 194
16611 0 521 195
16611 1 552 194
16612 0 521 195
16612 1 552 194
16613 0 521 195
16613 1 552 194
16614 0 521 195
16614 1 552 194
16615 0 521 195
16615 1 552 194
16616 0 521 195
16616 1 552 194
16617 0 521 195
16617 1 552 194
16618 0 521 195
16618 1 552 194
16619 0 521 195
16619 1 551 194
16620 0 521 195
16620 1 551 194
16621 0 521 195
16621 1 550 194
16622 0 521 195
16622 1 549 194
16623 0 521 195
16623 1 549 194
16624 0 521 195
16624 1 549 194
16625 0 521 195
16625 1 548 194
16626 0 520 195
16626 1 548 194
16627 0 520 195
16627 1 548 194
16628 0 520 195
16628 1 548 193
16629 0 520 195
16629 1 547 193
16630 0 520 195
16630 1 547 193
16631 0 520 195
16631 1 547 193
16632 0 520 195
16632 1 547 192
16633 0 520 195
16633 1 547 192
16634 0 520 195
16634 1 547 192
16635 0 520 195
16635 1 547 192
16636 0 520 195
16636 1 547 192
16637 0 520 195
16637 1 547 192
16638 0 520 195
16638 1 547 192
16639 0 520 195
16639 1 547 192
16640 0 520 195
16640 1 547 192
16641 0 520 195
16641 1 547 192
16642 0 520 195
16642 1 547 192
16643 0 520 195
16643 1 547 192
16644 0 520 195
16644 1 547 192
16645 0 520 195
16645 1 547 192
16646 0 520 195
16646 1 547 192
16647 0 520 195
16647 1 547 192
16648 0 520 195
16648 1 547 192
16649 0 520 195
16649 1 548 193
16650 0 520 195
16650 1 548 193
16651 0 520 195
16651 1 548 193
16652 0 520 195
16652 1 548 193
16653 0 520 195
16653 1 548 194
16654 0 520 196
16654 1 549 194
16655 0 520 196
16655 1 549 195
16656 0 520 196
16656 1 550 196
16657 0 520 196
16657 1 550 196
16658 0 520 196
16658 1 551 197
16659 0 519 196
16659 1 551 198
16660 0 518 197
16660 1 551 198
16661 0 518 197
16661 1 551 198
16662 0 518 197
16662 1 552 198
16663 0 518 197
16663 1 552 198
16664 0 518 197
16664 1 553 198
16665 0 518 197
16665 1 554 198
16666 0 518 197
16666 1 555 198
16667 0 517 198
16667 1 556 198
16668 0 517 198
16668 1 557 198
16669 0 517 198
16669 1 558 198
16670 0 517 198
16670 1 558 198
16671 0 517 198
16671 1 558 198
16672 0 517 198
16672 1 559 197
16673 0 517 198
16673 1 559 197
16674 0 517 198
16674 1 560 196
16675 0 517 198
16675 1 560 196
16676 0 517 198
16676 1 560 196
16677 0 517 198
16677 1 560 195
16678 0 517 198
16678 1 560 195
16679 0 517 198
16679 1 560 195
16680 0 517 199
16680 1 560 195
16681 0 517 199
16681 1 560 195
16682 0 517 199
16682 1 560 195
16683 0 517 199
16683 1 560 195
16684 0 517 199
16684 1 560 195
16685 0 517 199
16685 1 560 195
16686 0 517 199
16686 1 560 195
16687 0 517 199
16687 1 560 195
16688 0 517 199
16688 1 560 195
16689 0 517 199
16689 1 560 195
16690 0 517 199
16690 1 560 195
16691 0 517 199
16691 1 560 195
16692 0 517 199
16692 1 560 195
16693 0 517 199
16693 1 560 195
16694 0 517 199
16694 1 560 195
16695 0 517 199
16695 1 560 195
16696 0 517 200
16696 1 561 194
16697 0 517 200
16697 1 561 193
16698 0 517 200
16698 1 561 193
16699 0 517 200
16699 1 562 192
16700 0 517 200
16700 1 562 192
16701 0 517 200
16701 1 562 192
16702 0 517 200
16702 1 562 192
16703 0 517 200
16703 1 562 192
16704 0 517 200
16704 1 562 192
16705 0 517 200
16705 1 563 192
16706 0 517 200
16706 1 563 193
16707 0 517 200
16707 1 563 193
16708 0 517 200
16708 1 563 193
16709 0 517 200
16709 1 563 193
16710 0 517 200
16710 1 563 193
16711 0 517 200
16711 1 563 193
16712 0 517 200
16712 1 563 193
16713 0 517 200
16713 1 563 193
16714 0 518 201
16714 1 564 193
16715 0 518 201
16715 1 564 193
16716 0 518 201
16716 1 564 193
16717 0 518 201
16717 1 564 193
16718 0 518 201
16718 1 564 193
16719 0 518 201
16719 1 564 193
16720 0 518 201
16720 1 564 193
16721 0 518 201
16721 1 564 193
16722 0 518 201
16722 1 564 193
16723 0 518 201
16723 1 564 193
16724 0 518 201
16724 1 564 193
16725 0 518 201
16725 1 564 193
16726 0 518 201
16726 1 564 193
16727 0 518 201
16727 1 564 193
16728 0 518 201
16728 1 564 194
16729 0 518 201
16729 1 564 194
16730 0 518 201
16730 1 564 195
16731 0 518 201
16731 1 564 195
16732 0 518 201
16732 1 565 195
16733 0 518 201
16733 1 565 195
16734 0 518 201
16734 1 565 195
16735 0 518 201
16735 1 565 195
16736 0 518 201
16736 1 565 194
16737 0 518 201
16737 1 565 194
16738 0 518 201
16738 1 564 193
16739 0 518 201
16739 1 564 193
16740 0 518 201
16740 1 563 193
16741 0 518 201
16741 1 562 193
16742 0 518 201
16742 1 561 193
16743 0 518 201
16743 1 560 192
16744 0 518 201
16744 1 559 191
16745 0 518 201
16745 1 558 191
16746 0 518 201
16746 1 558 191
16747 0 518 201
16747 1 557 190
16748 0 518 201
16748 1 556 189
16749 0 518 201
16749 1 555 189
16750 0 518 201
16750 1 555 188
16751 0 518 201
16751 1 554 187
16752 0 518 201
16752 1 554 186
16753 0 518 201
16753 1 554 185
16754 0 518 201
16754 1 554 185
16755 0 518 201
16755 1 554 185
16756 0 518 201
16756 1 554 185
16757 0 518 201
16757 1 554 185
16758 0 518 201
16758 1 554 185
16759 0 518 201
16759 1 554 185
16760 0 518 201
16760 1 553 185
16761 0 518 202
16761 1 553 185
16762 0 518 202
16762 1 553 185
16763 0 518 202
16763 1 553 185
16764 0 518 202
16764 1 553 185
16765 0 519 203
16765 1 553 185
16766 0 519 203
16766 1 553 184
16767 0 519 203
16767 1 554 183
16768 0 520 204
16768 1 554 183
16769 0 520 205
16769 1 554 183
16770 0 520 205
16770 1 554 183
16771 0 520 206
16771 1 554 183
16772 0 520 206
16772 1 554 183
16773 0 520 206
16773 1 554 182
16774 0 520 206
16774 1 553 182
16775 0 520 206
16775 1 553 182
16776 0 520 206
16776 1 553 182
16777 0 520 206
16777 1 553 182
16778 0 520 206
16778 1 553 182
16779 0 520 206
16779 1 553 181
16780 0 521 207
16780 1 553 181
16781 0 521 207
16781 1 553 181
16782 0 521 207
16782 1 554 181
16783 0 521 207
16783 1 554 181
16784 0 521 208
16784 1 554 181
16785 0 522 209
16785 1 554 181
16786 0 522 209
16786 1 554 181
16787 0 522 209
16787 1 555 181
16788 0 522 209
16788 1 556 182
16789 0 522 209
16789 1 556 183
16790 0 522 209
16790 1 557 184
16791 0 522 209
16791 1 558 185
16792 0 522 209
16792 1 558 185
16793 0 522 209
16793 1 558 185
16794 0 522 209
16794 1 558 185
16795 0 522 209
16795 1 558 185
16796 0 522 209
16796 1 558 185
16797 0 522 209
16797 1 558 185
16798 0 522 209
16798 1 558 184
16799 0 522 209
16799 1 558 184
16800 0 522 209
16800 1 558 184
16801 0 522 209
16801 1 558 184
16802 0 522 209
16802 1 558 184
16803 0 522 209
16803 1 558 184
16804 0 522 209
16804 1 558 184
16805 0 522 209
16805 1 558 184
16806 0 522 209
16806 1 558 184
16807 0 522 209
16807 1 558 184
16808 0 522 209
16808 1 558 184
16809 0 522 209
16809 1 558 184
16810 0 522 209
16810 1 558 184
16811 0 522 209
16811 1 558 184
16812 0 522 209
16812 1 558 184
16813 0 522 209
16813 1 558 184
16814 0 522 209
16814 1 558 184
16815 0 522 209
16815 1 558 184
16816 0 523 209
16816 1 558 184
16817 0 523 210
16817 1 558 184
16818 0 523 211
16818 1 558 184
16819 0 523 212
16819 1 558 184
16820 0 523 213
16820 1 558 184
16821 0 523 215
16821 1 558 184
16822 0 523 216
16822 1 558 184
16823 0 523 217
16823 1 558 184
16824 0 523 217
16824 1 558 184
16825 0 523 218
16825 1 558 184
16826 0 523 218
16826 1 558 184
16827 0 523 218
16827 1 558 184
16828 0 523 218
16828 1 558 184
16829 0 523 219
16829 1 558 184
16830 0 523 219
16830 1 558 184
16831 0 523 219
16831 1 558 184
16832 0 523 219
16832 1 558 184
16833 0 523 219
16833 1 558 184
16834 0 523 219
16834 1 558 184
16835 0 523 219
16835 1 558 184
16836 0 523 219
16836 1 558 184
16837 0 523 219
16837 1 558 184
16838 0 523 219
16838 1 558 184
16839 0 523 219
16839 1 558 184
16840 0 523 220
16840 1 558 184
16841 0 523 220
16841 1 558 184
16842 0 522 221
16842 1 558 184
16843 0 522 221
16843 1 558 184
16844 0 522 222
16844 1 558 184
16845 0 522 222
16845 1 558 184
16846 0 522 222
16846 1 558 184
16847 0 522 222
16847 1 558 184
16848 0 521 223
16848 1 558 184
16849 0 520 223
16849 1 558 184
16850 0 520 223
16850 1 558 184
16851 0 519 224
16851 1 558 184
16852 0 519 224
16852 1 558 184
16853 0 518 224
16853 1 558 184
16854 0 517 224
16854 1 558 184
16855 0 516 224
16855 1 558 184
16856 0 515 224
16856 1 558 184
16857 0 513 223
16857 1 558 184
16858 0 512 223
16858 1 558 184
16859 0 512 223
16859 1 558 184
16860 0 511 222
16860 1 558 184
16861 0 510 222
16861 1 558 184
16862 0 509 221
16862 1 558 184
16863 0 508 220
16863 1 558 184
16864 0 507 219
16864 1 558 184
16865 0 506 219
16865 1 558 184
16866 0 505 218
16866 1 558 184
16867 0 504 217
16867 1 558 184
16868 0 503 217
16868 1 558 184
16869 0 502 216
16869 1 558 184
16870 0 501 215
16870 1 558 184
16871 0 501 215
16871 1 558 184
16872 0 501 215
16872 1 558 184
16873 0 501 215
16873 1 558 185
16874 0 501 215
16874 1 558 185
16875 0 500 214
16875 1 558 186
16876 0 499 213
16876 1 558 187
16877 0 498 213
16877 1 558 188
16878 0 497 212
16878 1 558 189
16879 0 496 211
16879 1 558 190
16880 0 496 211
16880 1 558 191
16881 0 495 211
16881 1 557 193
16882 0 495 211
16882 1 558 194
16883 0 494 211
16883 1 558 195
16884 0 494 211
16884 1 558 196
16885 0 494 211
16885 1 559 197
16886 0 494 211
16886 1 559 198
16887 0 493 211
16887 1 560 198
16888 0 493 211
16888 1 561 199
16889 0 492 211
16889 1 562 200
16890 0 491 211
16890 1 563 200
16891 0 491 211
16891 1 563 200
16892 0 490 211
16892 1 563 201
16893 0 488 211
16893 1 563 201
16894 0 487 211
16894 1 564 201
16895 0 486 211
16895 1 564 201
16896 0 485 212
16896 1 565 202
16897 0 485 212
16897 1 565 202
16898 0 483 213
16898 1 565 203
16899 0 483 213
16899 1 566 204
16900 0 483 213
16900 1 566 204
16901 0 482 214
16901 1 566 205
16902 0 481 215
16902 1 566 205
16903 0 480 216
16903 1 567 206
16904 0 479 217
16904 1 567 207
16905 0 478 218
16905 1 568 207
16906 0 477 219
16906 1 569 208
16907 0 477 219
16907 1 570 209
16908 0 477 219
16908 1 570 209
16909 0 476 221
16909 1 571 210
16910 0 476 221
16910 1 571 211
16911 0 475 222
16911 1 571 211
16912 0 475 223
16912 1 571 212
16913 0 474 224
16913 1 571 212
16914 0 474 224
16914 1 572 213
16915 0 474 224
16915 1 572 213
16916 0 474 224
16916 1 571 214
16917 0 474 225
16917 1 570 215
16918 0 474 225
16918 1 569 216
16919 0 474 226
16919 1 569 216
16920 0 474 227
16920 1 568 217
16921 0 474 228
16921 1 567 217
16922 0 474 229
16922 1 567 217
16923 0 474 230
16923 1 566 217
16924 0 474 231
16924 1 565 217
16925 0 474 232
16925 1 564 217
16926 0 474 233
16926 1 564 217
16927 0 474 234
16927 1 564 217
16928 0 474 235
16928 1 563 216
16929 0 474 236
16929 1 563 215
16930 0 474 236
16930 1 563 214
16931 0 474 236
16931 1 562 212
16932 0 474 237
16932 1 562 211
16933 0 474 237
16933 1 562 210
16934 0 474 237
16934 1 561 208
16935 0 474 237
16935 1 561 207
16936 0 474 237
16936 1 561 206
16937 0 474 237
16937 1 560 205
16938 0 474 237
16938 1 560 204
16939 0 474 237
16939 1 560 204
16940 0 474 237
16940 1 560 204
16941 0 474 237
16941 1 560 204
16942 0 474 237
16942 1 560 204
16943 0 474 238
16943 1 560 204
16944 0 474 238
16944 1 560 204
16945 0 474 238
16945 1 560 204
16946 0 474 238
16946 1 560 204
16947 0 474 238
16947 1 560 204
16948 0 473 239
16948 1 560 204
16949 0 473 239
16949 1 560 204
16950 0 473 239
16950 1 559 203
16951 0 473 239
16951 1 559 203
16952 0 473 239
16952 1 559 203
16953 0 474 238
16953 1 559 203
16954 0 474 238
16954 1 559 203
16955 0 474 237
16955 1 559 203
16956 0 474 237
16956 1 559 203
16957 0 474 237
16957 1 559 203
16958 0 474 237
16958 1 558 202
16959 0 475 237
16959 1 558 201
16960 0 475 237
16960 1 557 201
16961 0 475 237
16961 1 556 201
16962 0 475 238
16962 1 556 201
16963 0 476 238
16963 1 555 201
16964 0 476 239
16964 1 554 201
16965 0 477 240
16965 1 554 201
16966 0 478 241
16966 1 553 201
16967 0 479 242
16967 1 553 201
16968 0 480 242
16968 1 553 201
16969 0 481 243
16969 1 552 201
16970 0 482 243
16970 1 551 200
16971 0 482 244
16971 1 551 200
16972 0 483 245
16972 1 551 200
16973 0 484 246
16973 1 551 200
16974 0 485 247
16974 1 551 200
16975 0 485 247
16975 1 551 200
16976 0 486 247
16976 1 551 200
16977 0 486 248
16977 1 551 200
16978 0 487 248
16978 1 551 200
16979 0 488 249
16979 1 551 200
16980 0 489 250
16980 1 552 200
16981 0 490 251
16981 1 551 200
16982 0 491 252
16982 1 551 200
16983 0 492 253
16983 1 551 200
16984 0 493 254
16984 1 551 199
16985 0 493 254
16985 1 551 199
16986 0 494 255
16986 1 550 199
16987 0 494 255
16987 1 550 199
16988 0 494 255
16988 1 549 199
16989 0 494 255
16989 1 548 199
16990 0 494 255
16990 1 547 199
16991 0 494 255
16991 1 546 199
16992 0 494 255
16992 1 545 199
16993 0 494 255
16993 1 545 199
16994 0 494 255
16994 1 544 199
16995 0 495 256
16995 1 544 199
16996 0 496 256
16996 1 544 199
16997 0 496 257
16997 1 544 199
16998 0 497 257
16998 1 544 199
16999 0 497 258
16999 1 543 199
17000 0 498 258
17000 1 543 199
17001 0 498 258
17001 1 543 199
17002 0 498 259
17002 1 543 199
17003 0 499 259
17003 1 542 199
17004 0 500 260
17004 1 542 199
17005 0 501 261
17005 1 542 199
17006 0 501 262
17006 1 542 199
17007 0 501 262
17007 1 541 200
17008 0 502 263
17008 1 541 200
17009 0 502 263
17009 1 541 200
17010 0 502 263
17010 1 541 200
17011 0 503 264
17011 1 541 200
17012 0 503 264
17012 1 541 200
17013 0 504 265
17013 1 541 200
17014 0 504 265
17014 1 541 200
17015 0 504 265
17015 1 540 200
17016 0 504 265
17016 1 540 200
17017 0 505 266
17017 1 540 200
17018 0 505 266
17018 1 540 200
17019 0 506 267
17019 1 540 200
17020 0 507 268
17020 1 540 200
17021 0 508 269
17021 1 540 200
17022 0 508 270
17022 1 540 200
17023 0 509 271
17023 1 540 200
17024 0 510 272
17024 1 540 200
17025 0 510 273
17025 1 540 200
17026 0 511 274
17026 1 540 200
17027 0 511 275
17027 1 540 200
17028 0 511 275
17028 1 540 200
17029 0 512 276
17029 1 540 200
17030 0 512 277
17030 1 540 200
17031 0 512 277
17031 1 540 200
17032 0 512 277
17032 1 540 200
17033 0 513 278
17033 1 540 200
17034 0 513 279
17034 1 540 200
17035 0 514 280
17035 1 540 200
17036 0 515 281
17036 1 539 200
17037 0 515 282
17037 1 539 200
17038 0 516 283
17038 1 539 200
17039 0 516 284
17039 1 538 200
17040 0 517 285
17040 1 538 200
17041 0 517 286
17041 1 537 200
17042 0 517 286
17042 1 537 200
17043 0 517 286
17043 1 536 200
17044 0 517 286
17044 1 536 200
17045 0 517 286
17045 1 536 201
17046 0 517 286
17046 1 535 201
17047 0 517 286
17047 1 535 201
17048 0 517 286
17048 1 534 201
17049 0 517 286
17049 1 533 202
17050 0 517 286
17050 1 533 202
17051 0 517 286
17051 1 532 202
17052 0 517 286
17052 1 532 202
