FRAME   ID  X   Y (0 is Leader, 1 is Follower)
4096 0 1058 533
4096 1 1046 554
4097 0 1059 533
4097 1 1046 554
4098 0 1059 533
4098 1 1046 553
4099 0 1059 533
4099 1 1046 553
4100 0 1059 533
4100 1 1047 552
4101 0 1059 533
4101 1 1047 551
4102 0 1059 533
4102 1 1048 549
4103 0 1059 533
4103 1 1048 548
4104 0 1059 533
4104 1 1049 547
4105 0 1059 533
4105 1 1049 546
4106 0 1059 533
4106 1 1050 545
4107 0 1059 533
4107 1 1051 545
4108 0 1059 533
4108 1 1051 545
4109 0 1059 533
4109 1 1051 544
4110 0 1060 533
4110 1 1051 543
4111 0 1061 533
4111 1 1051 542
4112 0 1063 534
4112 1 1051 541
4113 0 1064 535
4113 1 1051 540
4114 0 1066 536
4114 1 1051 539
4115 0 1067 537
4115 1 1051 538
4116 0 1068 537
4116 1 1051 537
4117 0 1069 538
4117 1 1052 535
4118 0 1069 538
4118 1 1053 533
4119 0 1069 538
4119 1 1053 532
4120 0 1069 538
4120 1 1054 531
4121 0 1069 538
4121 1 1055 531
4122 0 1069 538
4122 1 1057 530
4123 0 1070 539
4123 1 1059 529
4124 0 1070 539
4124 1 1061 529
4125 0 1070 539
4125 1 1062 530
4126 0 1071 539
4126 1 1063 530
4127 0 1071 539
4127 1 1063 530
4128 0 1071 540
4128 1 1064 530
4129 0 1072 540
4129 1 1064 530
4130 0 1072 541
4130 1 1064 530
4131 0 1074 542
4131 1 1065 530
4132 0 1075 543
4132 1 1065 530
4133 0 1076 544
4133 1 1065 530
4134 0 1077 545
4134 1 1066 531
4135 0 1077 545
4135 1 1067 531
4136 0 1077 545
4136 1 1068 531
4137 0 1078 547
4137 1 1068 532
4138 0 1079 547
4138 1 1068 532
4139 0 1081 549
4139 1 1069 533
4140 0 1083 549
4140 1 1069 535
4141 0 1084 550
4141 1 1070 537
4142 0 1085 551
4142 1 1071 539
4143 0 1086 551
4143 1 1071 540
4144 0 1086 551
4144 1 1072 542
4145 0 1086 551
4145 1 1073 543
4146 0 1087 551
4146 1 1073 544
4147 0 1088 552
4147 1 1074 545
4148 0 1089 552
4148 1 1076 546
4149 0 1090 552
4149 1 1077 547
4150 0 1091 552
4150 1 1078 547
4151 0 1092 552
4151 1 1079 547
4152 0 1093 552
4152 1 1080 547
4153 0 1094 552
4153 1 1081 547
4154 0 1096 552
4154 1 1081 547
4155 0 1098 552
4155 1 1081 547
4156 0 1099 552
4156 1 1082 547
4157 0 1101 553
4157 1 1083 547
4158 0 1103 553
4158 1 1085 547
4159 0 1105 554
4159 1 1086 547
4160 0 1105 554
4160 1 1086 548
4161 0 1105 554
4161 1 1088 549
4162 0 1106 554
4162 1 1089 549
4163 0 1106 554
4163 1 1090 550
4164 0 1106 554
4164 1 1092 552
4165 0 1106 554
4165 1 1093 553
4166 0 1107 554
4166 1 1094 554
4167 0 1108 555
4167 1 1095 555
4168 0 1109 555
4168 1 1095 555
4169 0 1109 555
4169 1 1095 555
4170 0 1109 555
4170 1 1095 555
4171 0 1109 555
4171 1 1095 555
4172 0 1110 556
4172 1 1095 555
4173 0 1110 556
4173 1 1095 555
4174 0 1110 556
4174 1 1095 555
4175 0 1110 556
4175 1 1095 555
4176 0 1111 556
4176 1 1095 555
4177 0 1111 556
4177 1 1095 555
4178 0 1111 556
4178 1 1095 555
4179 0 1111 556
4179 1 1096 555
4180 0 1111 556
4180 1 1097 556
4181 0 1111 556
4181 1 1098 556
4182 0 1112 557
4182 1 1099 555
4183 0 1112 557
4183 1 1100 555
4184 0 1113 557
4184 1 1101 554
4185 0 1115 558
4185 1 1102 553
4186 0 1117 559
4186 1 1103 553
4187 0 1118 559
4187 1 1104 553
4188 0 1119 560
4188 1 1105 551
4189 0 1119 560
4189 1 1106 551
4190 0 1119 560
4190 1 1107 551
4191 0 1120 560
4191 1 1108 550
4192 0 1120 560
4192 1 1109 550
4193 0 1121 561
4193 1 1110 549
4194 0 1121 561
4194 1 1111 549
4195 0 1121 561
4195 1 1113 549
4196 0 1121 561
4196 1 1114 550
4197 0 1121 561
4197 1 1115 550
4198 0 1121 561
4198 1 1116 551
4199 0 1121 561
4199 1 1116 551
4200 0 1121 561
4200 1 1116 551
4201 0 1122 562
4201 1 1116 551
4202 0 1123 562
4202 1 1117 551
4203 0 1124 562
4203 1 1117 551
4204 0 1125 563
4204 1 1117 551
4205 0 1127 564
4205 1 1117 551
4206 0 1129 564
4206 1 1117 551
4207 0 1130 564
4207 1 1117 551
4208 0 1132 564
4208 1 1117 551
4209 0 1133 564
4209 1 1117 551
4210 0 1133 564
4210 1 1117 552
4211 0 1133 564
4211 1 1117 552
4212 0 1133 564
4212 1 1118 552
4213 0 1133 564
4213 1 1118 553
4214 0 1134 564
4214 1 1118 554
4215 0 1134 564
4215 1 1118 555
4216 0 1134 564
4216 1 1118 557
4217 0 1134 564
4217 1 1117 558
4218 0 1134 564
4218 1 1117 560
4219 0 1134 564
4219 1 1117 562
4220 0 1134 564
4220 1 1117 563
4221 0 1134 564
4221 1 1117 564
4222 0 1134 564
4222 1 1117 564
4223 0 1134 564
4223 1 1117 564
4224 0 1134 564
4224 1 1117 565
4225 0 1134 564
4225 1 1117 565
4226 0 1133 564
4226 1 1117 566
4227 0 1133 565
4227 1 1117 566
4228 0 1132 565
4228 1 1117 566
4229 0 1132 565
4229 1 1118 566
4230 0 1132 565
4230 1 1118 566
4231 0 1132 565
4231 1 1118 566
4232 0 1133 565
4232 1 1118 566
4233 0 1134 565
4233 1 1118 566
4234 0 1134 565
4234 1 1119 566
4235 0 1135 566
4235 1 1119 566
4236 0 1137 568
4236 1 1120 566
4237 0 1138 569
4237 1 1121 565
4238 0 1139 570
4238 1 1122 565
4239 0 1140 571
4239 1 1124 564
4240 0 1140 572
4240 1 1125 563
4241 0 1140 572
4241 1 1127 563
4242 0 1141 573
4242 1 1128 563
4243 0 1141 573
4243 1 1130 562
4244 0 1141 573
4244 1 1132 562
4245 0 1141 573
4245 1 1133 562
4246 0 1141 573
4246 1 1133 562
4247 0 1141 573
4247 1 1134 562
4248 0 1141 573
4248 1 1134 562
4249 0 1141 573
4249 1 1135 562
4250 0 1141 574
4250 1 1136 562
4251 0 1141 574
4251 1 1137 563
4252 0 1141 574
4252 1 1137 563
4253 0 1141 574
4253 1 1137 563
4254 0 1141 574
4254 1 1138 564
4255 0 1141 574
4255 1 1138 564
4256 0 1141 574
4256 1 1138 564
4257 0 1141 574
4257 1 1138 564
4258 0 1141 574
4258 1 1139 565
4259 0 1141 574
4259 1 1139 565
4260 0 1141 574
4260 1 1139 565
4261 0 1141 574
4261 1 1139 565
4262 0 1141 574
4262 1 1139 565
4263 0 1141 574
4263 1 1139 565
4264 0 1141 574
4264 1 1139 565
4265 0 1141 574
4265 1 1139 565
4266 0 1141 574
4266 1 1139 565
4267 0 1141 575
4267 1 1139 565
4268 0 1141 575
4268 1 1139 565
4269 0 1141 575
4269 1 1140 565
4270 0 1140 575
4270 1 1140 565
4271 0 1140 575
4271 1 1140 565
4272 0 1140 575
4272 1 1140 565
4273 0 1140 575
4273 1 1140 565
4274 0 1140 575
4274 1 1140 565
4275 0 1140 576
4275 1 1140 565
4276 0 1140 576
4276 1 1140 565
4277 0 1140 577
4277 1 1140 565
4278 0 1141 577
4278 1 1140 565
4279 0 1142 578
4279 1 1140 565
4280 0 1143 578
4280 1 1140 565
4281 0 1144 579
4281 1 1140 565
4282 0 1145 579
4282 1 1140 565
4283 0 1147 579
4283 1 1140 565
4284 0 1149 579
4284 1 1140 565
4285 0 1150 579
4285 1 1140 565
4286 0 1150 579
4286 1 1140 565
4287 0 1150 579
4287 1 1140 565
4288 0 1150 579
4288 1 1140 566
4289 0 1151 579
4289 1 1141 567
4290 0 1152 579
4290 1 1141 568
4291 0 1153 579
4291 1 1141 569
4292 0 1153 579
4292 1 1141 570
4293 0 1154 580
4293 1 1141 571
4294 0 1155 580
4294 1 1141 573
4295 0 1155 580
4295 1 1141 574
4296 0 1156 581
4296 1 1142 575
4297 0 1156 581
4297 1 1142 576
4298 0 1156 581
4298 1 1142 577
4299 0 1156 581
4299 1 1143 577
4300 0 1156 581
4300 1 1143 578
4301 0 1157 581
4301 1 1143 578
4302 0 1158 581
4302 1 1143 578
4303 0 1160 582
4303 1 1143 578
4304 0 1161 582
4304 1 1143 578
4305 0 1162 582
4305 1 1144 579
4306 0 1163 583
4306 1 1145 579
4307 0 1163 583
4307 1 1146 579
4308 0 1163 583
4308 1 1148 579
4309 0 1163 583
4309 1 1149 579
4310 0 1163 583
4310 1 1150 579
4311 0 1164 583
4311 1 1151 579
4312 0 1164 583
4312 1 1152 579
4313 0 1165 583
4313 1 1153 579
4314 0 1165 583
4314 1 1155 579
4315 0 1165 583
4315 1 1155 579
4316 0 1164 583
4316 1 1155 579
4317 0 1164 583
4317 1 1155 579
4318 0 1164 583
4318 1 1155 579
4319 0 1164 583
4319 1 1155 579
4320 0 1164 583
4320 1 1155 579
4321 0 1164 583
4321 1 1154 579
4322 0 1164 583
4322 1 1154 579
4323 0 1164 583
4323 1 1154 579
4324 0 1162 583
4324 1 1154 579
4325 0 1161 583
4325 1 1154 579
4326 0 1161 583
4326 1 1154 579
4327 0 1161 583
4327 1 1154 579
4328 0 1160 583
4328 1 1154 579
4329 0 1160 583
4329 1 1154 579
4330 0 1161 584
4330 1 1154 579
4331 0 1161 585
4331 1 1154 579
4332 0 1161 585
4332 1 1154 580
4333 0 1161 585
4333 1 1154 580
4334 0 1161 585
4334 1 1154 581
4335 0 1161 585
4335 1 1155 582
4336 0 1162 585
4336 1 1155 583
4337 0 1162 585
4337 1 1156 583
4338 0 1163 585
4338 1 1157 584
4339 0 1164 585
4339 1 1158 584
4340 0 1165 585
4340 1 1159 584
3871 0 945 586
3871 1 931 579
3872 0 946 586
3872 1 931 579
3873 0 947 587
3873 1 932 581
3874 0 949 588
3874 1 932 581
3875 0 950 588
3875 1 932 583
3876 0 951 588
3876 1 933 585
3877 0 951 589
3877 1 933 586
3878 0 952 589
3878 1 935 587
3879 0 953 590
3879 1 936 588
3880 0 953 590
3880 1 937 589
3881 0 953 590
3881 1 938 590
3882 0 953 590
3882 1 939 590
3883 0 954 590
3883 1 940 591
3884 0 954 590
3884 1 940 591
3885 0 955 590
3885 1 941 593
3886 0 956 590
3886 1 941 594
3887 0 957 590
3887 1 941 595
3888 0 958 589
3888 1 941 596
3889 0 959 589
3889 1 941 597
3890 0 959 588
3890 1 941 598
3891 0 959 588
3891 1 940 599
3892 0 959 588
3892 1 940 600
3893 0 959 588
3893 1 940 601
3894 0 960 587
3894 1 940 602
3895 0 960 587
3895 1 940 602
3896 0 959 587
3896 1 941 602
3897 0 959 587
3897 1 941 601
3898 0 960 586
3898 1 942 601
3899 0 960 585
3899 1 943 600
3900 0 960 585
3900 1 944 600
3901 0 960 585
3901 1 945 599
3902 0 960 585
3902 1 946 599
3903 0 960 585
3903 1 947 598
3904 0 960 585
3904 1 947 598
3905 0 960 584
3905 1 947 597
3906 0 960 584
3906 1 948 596
3907 0 960 584
3907 1 947 595
3908 0 960 584
3908 1 947 594
3909 0 960 584
3909 1 947 593
3910 0 960 584
3910 1 946 593
3911 0 960 584
3911 1 946 593
3912 0 960 584
3912 1 946 592
3913 0 960 584
3913 1 946 592
3914 0 960 584
3914 1 946 591
3915 0 960 584
3915 1 946 591
3916 0 960 584
3916 1 946 590
3917 0 961 584
3917 1 946 589
3918 0 963 584
3918 1 947 588
3919 0 964 584
3919 1 947 587
3920 0 966 583
3920 1 948 587
3921 0 969 582
3921 1 949 586
3922 0 970 582
3922 1 950 585
3923 0 970 582
3923 1 951 584
3924 0 971 581
3924 1 952 583
3925 0 971 581
3925 1 953 583
3926 0 971 581
3926 1 955 582
3927 0 971 581
3927 1 956 582
3928 0 971 581
3928 1 957 581
3929 0 971 581
3929 1 958 581
3930 0 972 581
3930 1 958 581
3931 0 974 580
3931 1 958 581
3932 0 975 580
3932 1 958 582
3933 0 977 580
3933 1 958 582
3934 0 979 579
3934 1 959 582
3935 0 981 578
3935 1 960 582
3936 0 983 577
3936 1 961 582
3937 0 984 577
3937 1 962 582
3938 0 984 577
3938 1 963 582
3939 0 984 577
3939 1 964 583
3940 0 985 577
3940 1 965 583
3941 0 985 577
3941 1 965 583
3942 0 985 577
3942 1 964 583
3943 0 985 577
3943 1 964 584
3944 0 985 577
3944 1 965 584
3945 0 985 577
3945 1 967 585
3946 0 985 577
3946 1 968 585
3947 0 985 577
3947 1 969 585
3948 0 985 577
3948 1 969 585
3949 0 985 576
3949 1 969 585
3950 0 986 576
3950 1 969 585
3951 0 987 575
3951 1 969 585
3952 0 988 574
3952 1 969 585
3953 0 989 573
3953 1 970 585
3954 0 991 572
3954 1 971 585
3955 0 992 570
3955 1 971 584
3956 0 992 570
3956 1 972 584
3957 0 993 568
3957 1 973 584
3958 0 994 567
3958 1 973 583
3959 0 994 567
3959 1 974 583
3960 0 994 567
3960 1 974 582
3961 0 994 566
3961 1 975 581
3962 0 994 566
3962 1 975 580
3963 0 994 566
3963 1 976 578
3964 0 994 565
3964 1 976 577
3965 0 994 565
3965 1 977 575
3966 0 994 565
3966 1 978 574
3967 0 994 565
3967 1 978 574
3968 0 995 565
3968 1 978 573
3969 0 996 565
3969 1 978 573
3970 0 998 564
3970 1 979 572
3971 0 999 563
3971 1 979 572
3972 0 1000 563
3972 1 979 572
3973 0 1001 561
3973 1 979 572
3974 0 1003 560
3974 1 980 571
3975 0 1004 559
3975 1 980 571
3976 0 1004 559
3976 1 981 571
3977 0 1004 559
3977 1 983 571
3978 0 1004 559
3978 1 985 571
3979 0 1004 558
3979 1 986 571
3980 0 1004 558
3980 1 988 571
3981 0 1004 558
3981 1 990 571
3982 0 1004 558
3982 1 991 571
3983 0 1004 557
3983 1 993 571
3984 0 1004 557
3984 1 994 571
3985 0 1004 556
3985 1 995 571
3986 0 1004 555
3986 1 996 572
3987 0 1004 555
3987 1 996 572
3988 0 1004 555
3988 1 997 572
3989 0 1004 555
3989 1 997 572
3990 0 1004 555
3990 1 998 571
3991 0 1004 555
3991 1 998 571
3992 0 1004 555
3992 1 999 571
3993 0 1004 554
3993 1 999 570
3994 0 1005 554
3994 1 999 570
3995 0 1006 553
3995 1 999 570
3996 0 1007 551
3996 1 1000 570
3997 0 1008 550
3997 1 1000 569
3998 0 1009 549
3998 1 1000 568
3999 0 1010 548
3999 1 1000 567
4000 0 1011 547
4000 1 999 566
4001 0 1011 547
4001 1 999 566
4002 0 1011 547
4002 1 998 564
4003 0 1012 546
4003 1 998 562
4004 0 1013 546
4004 1 997 560
4005 0 1014 546
4005 1 996 559
4006 0 1015 545
4006 1 996 558
4007 0 1016 544
4007 1 996 556
4008 0 1016 544
4008 1 996 555
4009 0 1017 544
4009 1 996 555
4010 0 1017 544
4010 1 996 554
4011 0 1017 544
4011 1 995 553
4012 0 1017 544
4012 1 995 552
4013 0 1017 544
4013 1 994 551
4014 0 1017 544
4014 1 994 550
4015 0 1017 544
4015 1 994 550
4016 0 1018 544
4016 1 994 550
4017 0 1019 544
4017 1 994 550
4018 0 1019 544
4018 1 994 550
4019 0 1019 544
4019 1 994 549
4020 0 1019 544
4020 1 995 548
4021 0 1020 544
4021 1 995 547
4022 0 1020 544
4022 1 996 547
4023 0 1020 544
4023 1 996 546
4024 0 1020 545
4024 1 997 546
4025 0 1021 545
4025 1 997 546
4026 0 1021 545
4026 1 998 546
4027 0 1022 545
4027 1 998 546
4028 0 1023 545
4028 1 999 546
4029 0 1025 545
4029 1 1001 546
4030 0 1027 545
4030 1 1003 546
4031 0 1029 545
4031 1 1005 546
4032 0 1031 545
4032 1 1007 546
4033 0 1032 546
4033 1 1009 546
4034 0 1033 546
4034 1 1010 546
4035 0 1033 546
4035 1 1010 545
4036 0 1033 546
4036 1 1011 545
4037 0 1034 546
4037 1 1012 545
4038 0 1036 546
4038 1 1013 544
4039 0 1038 545
4039 1 1014 544
4040 0 1039 545
4040 1 1015 544
4041 0 1041 544
4041 1 1016 544
4042 0 1043 544
4042 1 1017 544
4043 0 1044 543
4043 1 1018 544
4044 0 1045 542
4044 1 1020 544
4045 0 1046 542
4045 1 1022 544
4046 0 1046 542
4046 1 1024 544
4047 0 1046 542
4047 1 1025 544
4048 0 1047 542
4048 1 1025 544
4049 0 1048 541
4049 1 1026 544
4050 0 1049 540
4050 1 1027 544
4051 0 1050 540
4051 1 1028 544
4052 0 1051 539
4052 1 1028 544
4053 0 1050 540
4053 1 1029 544
4054 0 1050 540
4054 1 1029 544
4055 0 1050 540
4055 1 1030 544
4056 0 1050 539
4056 1 1031 544
4057 0 1050 539
4057 1 1033 544
4058 0 1051 538
4058 1 1034 544
4059 0 1052 537
4059 1 1036 544
4060 0 1052 536
4060 1 1037 545
4061 0 1052 536
4061 1 1038 545
4062 0 1052 535
4062 1 1039 546
4063 0 1052 535
4063 1 1040 547
4064 0 1052 535
4064 1 1041 548
4065 0 1052 535
4065 1 1042 548
4066 0 1052 535
4066 1 1042 549
4067 0 1052 534
4067 1 1042 550
4068 0 1052 534
4068 1 1042 551
4069 0 1052 533
4069 1 1042 552
4070 0 1052 533
4070 1 1042 552
4071 0 1052 533
4071 1 1042 552
4072 0 1052 533
4072 1 1042 552
4073 0 1052 533
4073 1 1042 552
4074 0 1052 533
4074 1 1042 552
4075 0 1052 533
4075 1 1042 552
4076 0 1052 533
4076 1 1042 552
4077 0 1052 533
4077 1 1042 553
4078 0 1052 533
4078 1 1042 553
4079 0 1052 533
4079 1 1042 553
4080 0 1052 533
4080 1 1043 554
4081 0 1052 534
4081 1 1043 554
4082 0 1052 534
4082 1 1043 554
4083 0 1052 534
4083 1 1044 554
4084 0 1053 534
4084 1 1045 554
4085 0 1053 533
4085 1 1045 554
4086 0 1053 533
4086 1 1045 554
4087 0 1054 533
4087 1 1046 554
4088 0 1054 533
4088 1 1046 554
4089 0 1055 533
4089 1 1046 554
4090 0 1055 533
4090 1 1046 554
4091 0 1056 533
4091 1 1046 554
4092 0 1056 533
4092 1 1046 554
4093 0 1057 533
4093 1 1046 554
4094 0 1058 533
4094 1 1046 554
4095 0 1058 533
4095 1 1046 554
