FRAME   ID  X   Y (0 is Leader, 1 is Follower)
10347 0 769 673
10347 1 774 658
10348 0 769 673
10348 1 774 658
10349 0 769 673
10349 1 775 658
10350 0 768 674
10350 1 775 659
10351 0 767 675
10351 1 775 659
10352 0 766 675
10352 1 775 661
10353 0 766 676
10353 1 775 661
10354 0 765 677
10354 1 774 662
10355 0 764 677
10355 1 774 663
10356 0 763 679
10356 1 774 663
10357 0 763 679
10357 1 773 665
10358 0 763 679
10358 1 772 665
10359 0 762 680
10359 1 772 665
10360 0 762 680
10360 1 772 665
10361 0 762 680
10361 1 771 666
10362 0 762 680
10362 1 771 666
10363 0 762 680
10363 1 771 666
10364 0 762 681
10364 1 770 667
10365 0 761 682
10365 1 770 667
10366 0 761 683
10366 1 770 667
10367 0 761 684
10367 1 769 668
10368 0 760 685
10368 1 769 668
10369 0 760 687
10369 1 768 669
10370 0 760 688
10370 1 768 670
10371 0 760 688
10371 1 767 671
10372 0 760 688
10372 1 767 672
10373 0 760 689
10373 1 766 673
10374 0 760 689
10374 1 765 674
10375 0 760 689
10375 1 765 675
10376 0 760 690
10376 1 765 675
10377 0 760 691
10377 1 765 676
10378 0 760 692
10378 1 765 676
10379 0 760 693
10379 1 764 677
10380 0 760 694
10380 1 764 677
10381 0 760 695
10381 1 763 678
10382 0 760 696
10382 1 763 679
10383 0 760 697
10383 1 762 680
10384 0 760 698
10384 1 762 681
10385 0 760 698
10385 1 761 682
10386 0 761 699
10386 1 760 683
10387 0 761 699
10387 1 760 683
10388 0 761 699
10388 1 760 683
10389 0 761 700
10389 1 760 684
10390 0 761 701
10390 1 760 684
10391 0 761 702
10391 1 760 684
10392 0 761 703
10392 1 760 685
10393 0 761 704
10393 1 760 685
10394 0 761 705
10394 1 760 686
10395 0 761 705
10395 1 760 686
10396 0 761 706
10396 1 760 686
10397 0 761 706
10397 1 760 686
10398 0 761 706
10398 1 760 685
10399 0 761 707
10399 1 760 685
10400 0 760 707
10400 1 760 685
10401 0 760 707
10401 1 761 686
10402 0 760 708
10402 1 761 686
10403 0 760 708
10403 1 761 687
10404 0 759 708
10404 1 762 688
10405 0 759 708
10405 1 762 689
10406 0 759 708
10406 1 762 689
10407 0 759 708
10407 1 762 689
10408 0 759 709
10408 1 763 690
10409 0 758 710
10409 1 763 690
10410 0 757 711
10410 1 763 691
10411 0 757 712
10411 1 763 691
10412 0 756 713
10412 1 763 692
10413 0 755 714
10413 1 763 692
10414 0 755 714
10414 1 763 693
10415 0 754 715
10415 1 763 694
10416 0 753 716
10416 1 763 695
10417 0 753 716
10417 1 763 696
10418 0 753 716
10418 1 763 697
10419 0 753 716
10419 1 762 698
10420 0 752 717
10420 1 762 698
10421 0 751 717
10421 1 762 699
10422 0 751 717
10422 1 762 700
10423 0 750 717
10423 1 762 700
10424 0 749 717
10424 1 762 701
10425 0 748 718
10425 1 762 702
10426 0 747 719
10426 1 762 702
10427 0 746 719
10427 1 762 703
10428 0 745 720
10428 1 762 704
10429 0 744 721
10429 1 761 705
10430 0 744 721
10430 1 761 705
10431 0 743 722
10431 1 760 706
10432 0 742 722
10432 1 760 706
10433 0 741 723
10433 1 760 707
10434 0 741 723
10434 1 759 707
10435 0 741 723
10435 1 759 707
10436 0 741 723
10436 1 758 708
10437 0 741 723
10437 1 758 708
10438 0 741 723
10438 1 757 708
10439 0 740 724
10439 1 756 708
10440 0 740 724
10440 1 755 709
10441 0 740 724
10441 1 755 709
10442 0 740 724
10442 1 754 710
10443 0 740 724
10443 1 754 710
10444 0 740 724
10444 1 754 711
10445 0 740 724
10445 1 754 711
10446 0 739 725
10446 1 753 711
10447 0 738 725
10447 1 752 712
10448 0 738 725
10448 1 752 713
10449 0 737 726
10449 1 752 713
10450 0 736 727
10450 1 751 713
10451 0 735 727
10451 1 751 713
10452 0 734 728
10452 1 751 714
10453 0 733 729
10453 1 750 715
10454 0 732 730
10454 1 750 715
10455 0 732 730
10455 1 749 716
10456 0 732 730
10456 1 748 717
10457 0 732 730
10457 1 747 717
10458 0 732 730
10458 1 746 718
10459 0 732 730
10459 1 746 719
10460 0 732 730
10460 1 745 719
10461 0 732 730
10461 1 745 719
10462 0 732 730
10462 1 745 719
10463 0 732 730
10463 1 745 719
10464 0 731 731
10464 1 744 719
10465 0 731 732
10465 1 744 720
10466 0 731 732
10466 1 744 720
10467 0 731 733
10467 1 743 720
10468 0 730 734
10468 1 743 720
10469 0 730 735
10469 1 742 720
10470 0 729 737
10470 1 742 720
10471 0 728 739
10471 1 742 720
10472 0 728 739
10472 1 741 721
10473 0 728 739
10473 1 740 721
10474 0 728 739
10474 1 740 721
10475 0 727 739
10475 1 739 722
10476 0 727 740
10476 1 739 722
10477 0 726 741
10477 1 739 722
10478 0 725 742
10478 1 739 722
10479 0 724 743
10479 1 739 722
10480 0 724 743
10480 1 738 723
10481 0 723 744
10481 1 738 723
10482 0 723 744
10482 1 738 723
10483 0 722 744
10483 1 738 724
10484 0 722 744
10484 1 738 725
10485 0 722 744
10485 1 738 725
10486 0 722 744
10486 1 738 725
10487 0 722 744
10487 1 738 725
10488 0 722 744
10488 1 738 725
10489 0 722 744
10489 1 738 724
10490 0 722 744
10490 1 738 724
10491 0 722 744
10491 1 738 724
10492 0 722 744
10492 1 738 724
10493 0 722 744
10493 1 738 724
10494 0 722 744
10494 1 738 724
10495 0 722 744
10495 1 738 724
10496 0 722 744
10496 1 738 724
10497 0 722 744
10497 1 738 724
10498 0 722 744
10498 1 738 725
10499 0 722 744
10499 1 738 725
10500 0 719 745
10500 1 732 730
10501 0 719 745
10501 1 732 730
10502 0 719 745
10502 1 732 729
10503 0 719 745
10503 1 732 729
10504 0 719 745
10504 1 732 729
10505 0 719 745
10505 1 731 729
10506 0 719 745
10506 1 731 729
10507 0 719 745
10507 1 731 729
10508 0 719 745
10508 1 731 729
10509 0 719 745
10509 1 732 729
10510 0 719 745
10510 1 732 730
10511 0 719 745
10511 1 732 730
10512 0 719 745
10512 1 732 730
10513 0 719 745
10513 1 732 730
10514 0 719 745
10514 1 732 730
10515 0 719 745
10515 1 732 730
10516 0 719 745
10516 1 732 730
10517 0 719 745
10517 1 732 731
10518 0 719 745
10518 1 732 731
10519 0 719 745
10519 1 732 732
10520 0 719 745
10520 1 732 733
10521 0 719 745
10521 1 732 734
10522 0 719 745
10522 1 732 735
10523 0 719 745
10523 1 731 736
10524 0 719 745
10524 1 731 737
10525 0 719 745
10525 1 731 738
10526 0 719 745
10526 1 730 739
10527 0 719 745
10527 1 730 739
10528 0 719 745
10528 1 730 740
10529 0 719 745
10529 1 730 740
10530 0 719 745
10530 1 730 740
10531 0 718 745
10531 1 730 740
10532 0 718 745
10532 1 729 741
10533 0 718 745
10533 1 729 741
10534 0 717 745
10534 1 729 741
10535 0 716 745
10535 1 729 741
10536 0 715 746
10536 1 729 741
10537 0 714 746
10537 1 728 741
10538 0 713 746
10538 1 728 741
10539 0 712 746
10539 1 727 741
10540 0 711 746
10540 1 727 741
10541 0 710 746
10541 1 726 741
10542 0 709 746
10542 1 725 741
10543 0 709 746
10543 1 725 741
10544 0 708 746
10544 1 724 742
10545 0 708 747
10545 1 723 742
10546 0 708 747
10546 1 723 742
10547 0 707 747
10547 1 722 743
10548 0 706 747
10548 1 721 743
10549 0 705 747
10549 1 721 743
10550 0 704 748
10550 1 720 744
10551 0 703 748
10551 1 719 745
10552 0 702 749
10552 1 718 745
10553 0 700 750
10553 1 717 745
10554 0 699 750
10554 1 716 745
10555 0 698 750
10555 1 715 745
10556 0 697 751
10556 1 715 745
10557 0 697 751
10557 1 714 745
10558 0 696 752
10558 1 713 745
10559 0 696 752
10559 1 712 745
10560 0 695 753
10560 1 712 745
10561 0 695 754
10561 1 711 745
10562 0 694 755
10562 1 710 746
10563 0 693 756
10563 1 709 746
10564 0 693 756
10564 1 708 747
10565 0 693 756
10565 1 707 747
10566 0 693 756
10566 1 706 747
10567 0 693 756
10567 1 706 748
10568 0 693 756
10568 1 705 748
10569 0 693 757
10569 1 705 749
10570 0 692 758
10570 1 705 749
10571 0 691 759
10571 1 705 749
10572 0 691 760
10572 1 704 749
10573 0 691 760
10573 1 704 749
10574 0 690 762
10574 1 703 750
10575 0 689 763
10575 1 702 750
10576 0 689 764
10576 1 701 750
10577 0 688 766
10577 1 700 751
10578 0 688 767
10578 1 699 751
10579 0 687 768
10579 1 698 752
10580 0 687 768
10580 1 697 752
10581 0 687 768
10581 1 696 752
10582 0 687 769
10582 1 695 753
10583 0 687 769
10583 1 694 754
10584 0 687 769
10584 1 694 754
10585 0 686 769
10585 1 693 754
10586 0 686 769
10586 1 692 755
10587 0 686 770
10587 1 692 755
10588 0 686 770
10588 1 692 755
10589 0 686 770
10589 1 692 755
10590 0 686 770
10590 1 691 755
10591 0 686 770
10591 1 691 756
10592 0 686 770
10592 1 691 756
10593 0 686 770
10593 1 690 756
10594 0 686 770
10594 1 689 757
10595 0 686 770
10595 1 689 757
10596 0 686 770
10596 1 689 757
10597 0 686 770
10597 1 689 757
10598 0 686 770
10598 1 689 757
10599 0 686 770
10599 1 689 757
10600 0 686 771
10600 1 689 757
10601 0 686 771
10601 1 689 757
10602 0 686 771
10602 1 689 757
10603 0 686 772
10603 1 689 758
10604 0 686 773
10604 1 689 758
10605 0 685 775
10605 1 689 758
10606 0 685 776
10606 1 689 759
10607 0 685 777
10607 1 689 760
10608 0 685 779
10608 1 689 761
10609 0 685 780
10609 1 689 762
10610 0 685 781
10610 1 689 763
10611 0 685 781
10611 1 689 764
10612 0 685 781
10612 1 689 764
10613 0 685 782
10613 1 689 765
10614 0 685 783
10614 1 689 766
10615 0 685 784
10615 1 689 767
10616 0 685 784
10616 1 689 767
10617 0 685 784
10617 1 689 768
10618 0 685 784
10618 1 689 769
10619 0 685 784
10619 1 689 770
10620 0 685 784
10620 1 689 771
10621 0 685 785
10621 1 689 771
10622 0 685 785
10622 1 689 772
10623 0 685 785
10623 1 689 773
10624 0 685 785
10624 1 689 773
10625 0 685 786
10625 1 689 774
10626 0 685 786
10626 1 688 775
10627 0 685 786
10627 1 688 775
10628 0 685 787
10628 1 688 775
10629 0 685 788
10629 1 687 776
10630 0 685 789
10630 1 687 776
10631 0 685 790
10631 1 687 777
10632 0 685 791
10632 1 687 777
10633 0 686 792
10633 1 686 778
10634 0 687 794
10634 1 686 779
10635 0 687 794
10635 1 686 779
10636 0 687 795
10636 1 686 780
10637 0 687 796
10637 1 686 780
10638 0 688 797
10638 1 685 781
10639 0 688 798
10639 1 685 782
10640 0 689 799
10640 1 685 782
10641 0 689 800
10641 1 685 783
10642 0 689 801
10642 1 685 784
10643 0 689 802
10643 1 685 784
10644 0 689 802
10644 1 685 784
10645 0 689 803
10645 1 686 785
10646 0 689 803
10646 1 686 786
10647 0 689 804
10647 1 687 787
10648 0 689 804
10648 1 688 788
10649 0 689 804
10649 1 688 789
10650 0 688 805
10650 1 689 790
10651 0 687 807
10651 1 692 794
10652 0 687 807
10652 1 692 795
10653 0 687 807
10653 1 692 795
10654 0 687 807
10654 1 693 796
10655 0 687 807
10655 1 693 796
10656 0 687 808
10656 1 693 796
10657 0 686 809
10657 1 693 797
10658 0 686 810
10658 1 693 798
10659 0 686 811
10659 1 693 798
10660 0 685 812
10660 1 693 799
10661 0 685 813
10661 1 693 800
10662 0 684 814
10662 1 693 800
10663 0 684 814
10663 1 693 801
10664 0 684 815
10664 1 692 802
10665 0 684 816
10665 1 692 802
10666 0 683 817
10666 1 691 804
10667 0 683 817
10667 1 691 805
10668 0 683 817
10668 1 690 806
10669 0 683 817
10669 1 690 806
10670 0 683 818
10670 1 690 806
10671 0 683 819
10671 1 690 806
10672 0 684 820
10672 1 689 807
10673 0 685 820
10673 1 689 807
10674 0 685 821
10674 1 689 808
10675 0 686 822
10675 1 688 809
10676 0 687 823
10676 1 688 809
10677 0 688 823
10677 1 688 810
10678 0 689 824
10678 1 687 811
10679 0 689 824
10679 1 687 812
10680 0 689 824
10680 1 687 812
10681 0 690 825
10681 1 687 813
10682 0 690 825
10682 1 687 813
10683 0 690 825
10683 1 687 813
10684 0 691 826
10684 1 687 814
10685 0 692 827
10685 1 687 814
10686 0 692 827
10686 1 687 814
10687 0 693 827
10687 1 687 814
10688 0 693 828
10688 1 687 814
10689 0 694 828
10689 1 687 814
10690 0 695 829
10690 1 687 814
10691 0 695 830
10691 1 687 814
10692 0 695 830
10692 1 687 814
10693 0 696 831
10693 1 687 814
10694 0 696 831
10694 1 687 814
10695 0 696 831
10695 1 687 814
10696 0 696 831
10696 1 687 813
10697 0 699 832
10697 1 686 814
10698 0 699 832
10698 1 686 814
10699 0 699 832
10699 1 686 813
10700 0 699 832
10700 1 686 813
10701 0 699 832
10701 1 687 813
10702 0 699 832
10702 1 687 813
10703 0 699 832
10703 1 687 813
10704 0 699 832
10704 1 687 814
10705 0 699 832
10705 1 687 814
10706 0 699 832
10706 1 688 815
10707 0 699 832
10707 1 689 815
10708 0 699 832
10708 1 689 816
10709 0 699 832
10709 1 690 816
10710 0 699 832
10710 1 690 817
10711 0 699 833
10711 1 690 817
10712 0 699 833
10712 1 691 818
10713 0 699 834
10713 1 692 819
10714 0 699 834
10714 1 692 820
10715 0 699 834
10715 1 693 821
10716 0 699 835
10716 1 693 822
10717 0 699 835
10717 1 693 823
10718 0 700 835
10718 1 694 824
10719 0 700 835
10719 1 694 825
10720 0 700 835
10720 1 695 825
10721 0 700 835
10721 1 695 826
10722 0 700 836
10722 1 695 826
10723 0 700 837
10723 1 695 826
10724 0 700 837
10724 1 695 826
10725 0 700 838
10725 1 695 826
10726 0 700 839
10726 1 696 826
10727 0 700 840
10727 1 696 827
10728 0 700 841
10728 1 697 828
10729 0 700 841
10729 1 697 828
10730 0 700 842
10730 1 698 829
10731 0 700 842
10731 1 699 829
10732 0 700 842
10732 1 699 830
10733 0 700 843
10733 1 700 831
10734 0 700 844
10734 1 701 832
10735 0 700 844
10735 1 701 832
10736 0 700 845
10736 1 701 833
10737 0 700 845
10737 1 701 833
10738 0 700 845
10738 1 702 834
10739 0 700 846
10739 1 702 834
10740 0 700 846
10740 1 702 834
10741 0 700 846
10741 1 702 834
10742 0 700 847
10742 1 702 835
10743 0 700 847
10743 1 702 835
10744 0 700 847
10744 1 702 835
10745 0 700 848
10745 1 701 836
10746 0 700 848
10746 1 701 836
10747 0 700 848
10747 1 701 836
10748 0 700 849
10748 1 700 837
10749 0 700 849
10749 1 700 838
10750 0 700 850
10750 1 700 838
10751 0 700 850
10751 1 699 839
10752 0 700 851
10752 1 699 839
10753 0 700 851
10753 1 698 840
10754 0 700 851
10754 1 698 841
10755 0 700 851
10755 1 698 841
10756 0 700 852
10756 1 698 841
10757 0 700 852
10757 1 698 841
10758 0 700 852
10758 1 698 841
10759 0 700 853
10759 1 698 841
10760 0 700 853
10760 1 698 841
10761 0 700 854
10761 1 698 841
10762 0 699 855
10762 1 698 841
10763 0 698 856
10763 1 698 841
10764 0 697 856
10764 1 698 841
10765 0 696 857
10765 1 698 841
10766 0 695 857
10766 1 698 841
10767 0 694 857
10767 1 698 841
10768 0 693 858
10768 1 698 842
10769 0 693 858
10769 1 698 843
10770 0 693 858
10770 1 699 844
10771 0 693 858
10771 1 699 844
10772 0 693 858
10772 1 699 845
10773 0 693 858
10773 1 700 846
10774 0 693 858
10774 1 700 846
10775 0 693 858
10775 1 701 847
10776 0 693 858
10776 1 701 848
10777 0 692 859
10777 1 702 848
10778 0 692 860
10778 1 702 849
10779 0 693 861
10779 1 702 849
10780 0 693 861
10780 1 702 850
10781 0 693 862
10781 1 702 850
10782 0 694 862
10782 1 702 850
10783 0 695 863
10783 1 702 850
10784 0 695 863
10784 1 702 850
10785 0 695 864
10785 1 702 850
10786 0 696 865
10786 1 702 850
10787 0 697 866
10787 1 702 850
10788 0 698 866
10788 1 702 851
10789 0 698 866
10789 1 701 852
10790 0 699 867
10790 1 701 852
10791 0 699 867
10791 1 701 852
10792 0 699 867
10792 1 701 853
10793 0 699 867
10793 1 700 854
10794 0 700 867
10794 1 699 855
10795 0 700 867
10795 1 698 856
10796 0 700 867
10796 1 698 856
10797 0 701 867
10797 1 697 856
10798 0 702 866
10798 1 696 857
10799 0 702 866
10799 1 695 858
10800 0 703 865
10800 1 695 858
10801 0 704 864
10801 1 694 859
10802 0 704 863
10802 1 694 859
10803 0 705 862
10803 1 694 859
10804 0 705 862
10804 1 693 860
10805 0 705 862
10805 1 693 860
10806 0 705 862
10806 1 693 860
10807 0 705 862
10807 1 693 860
10808 0 705 861
10808 1 693 860
10809 0 705 860
10809 1 693 860
10810 0 705 860
10810 1 693 860
10811 0 705 860
10811 1 693 860
10812 0 705 859
10812 1 693 860
10813 0 705 859
10813 1 693 860
10814 0 705 859
10814 1 693 860
10815 0 705 858
10815 1 693 860
10816 0 705 858
10816 1 693 860
10817 0 705 857
10817 1 693 860
10818 0 705 856
10818 1 693 860
10819 0 705 856
10819 1 693 860
10820 0 704 855
10820 1 694 860
10821 0 701 849
10821 1 697 859
10822 0 700 849
10822 1 698 859
10823 0 699 849
10823 1 699 859
10824 0 698 849
10824 1 699 859
10825 0 697 849
10825 1 700 859
10826 0 696 848
10826 1 701 859
10827 0 695 847
10827 1 701 859
10828 0 694 847
10828 1 702 858
10829 0 693 847
10829 1 702 858
10830 0 693 847
10830 1 702 857
10831 0 693 846
10831 1 703 856
10832 0 693 846
10832 1 703 856
10833 0 693 846
10833 1 703 855
10834 0 693 846
10834 1 703 854
10835 0 693 845
10835 1 702 855
10836 0 693 845
10836 1 702 855
10837 0 692 844
10837 1 702 854
10838 0 692 844
10838 1 702 853
10839 0 692 844
10839 1 702 853
10840 0 692 844
10840 1 702 853
10841 0 692 844
10841 1 702 852
10842 0 692 844
10842 1 702 852
10843 0 692 844
10843 1 702 852
10844 0 692 845
10844 1 702 852
10845 0 692 845
10845 1 702 852
10846 0 692 846
10846 1 702 852
10847 0 691 847
10847 1 702 852
10848 0 691 848
10848 1 702 852
10849 0 690 849
10849 1 702 852
10850 0 689 850
10850 1 702 852
10851 0 688 851
10851 1 703 852
10852 0 687 851
10852 1 704 851
10853 0 686 851
10853 1 704 850
10854 0 685 852
10854 1 704 850
10855 0 685 852
10855 1 705 850
10856 0 685 852
10856 1 705 850
10857 0 684 852
10857 1 705 850
10858 0 684 852
10858 1 706 850
10859 0 684 852
10859 1 706 850
10860 0 684 852
10860 1 706 850
10861 0 684 852
10861 1 706 850
10862 0 684 852
10862 1 706 850
10863 0 684 852
10863 1 706 850
10864 0 684 851
10864 1 706 850
10865 0 684 851
10865 1 706 850
10866 0 684 851
10866 1 706 850
10867 0 684 851
10867 1 706 850
10868 0 684 851
10868 1 706 851
10869 0 684 851
10869 1 707 851
10870 0 684 851
10870 1 707 851
10871 0 684 851
10871 1 707 852
10872 0 684 851
10872 1 706 853
10873 0 684 851
10873 1 705 854
10874 0 684 851
10874 1 705 854
10875 0 684 851
10875 1 705 854
10876 0 684 851
10876 1 705 854
10877 0 684 851
10877 1 704 854
10878 0 684 851
10878 1 704 854
10879 0 684 851
10879 1 704 854
10880 0 684 851
10880 1 704 854
10881 0 684 851
10881 1 704 854
10882 0 684 851
10882 1 703 854
10883 0 684 851
10883 1 702 853
10884 0 684 851
10884 1 701 853
10885 0 684 851
10885 1 701 853
10886 0 684 851
10886 1 699 851
10887 0 684 851
10887 1 699 851
10888 0 684 851
10888 1 698 850
10889 0 684 851
10889 1 697 850
10890 0 684 851
10890 1 697 850
10891 0 684 852
10891 1 696 849
10892 0 684 852
10892 1 696 849
10893 0 684 853
10893 1 696 849
10894 0 684 853
10894 1 695 849
10895 0 684 853
10895 1 695 849
10896 0 684 854
10896 1 695 849
10897 0 683 855
10897 1 694 849
10898 0 683 856
10898 1 694 849
10899 0 682 857
10899 1 694 849
10900 0 681 859
10900 1 694 849
10901 0 680 860
10901 1 693 849
10902 0 679 862
10902 1 693 849
10903 0 679 863
10903 1 692 849
10904 0 679 864
10904 1 692 848
10905 0 679 864
10905 1 691 848
10906 0 678 865
10906 1 691 848
10907 0 678 865
10907 1 691 848
10908 0 678 865
10908 1 690 848
10909 0 678 865
10909 1 690 848
10910 0 677 865
10910 1 690 848
10911 0 677 865
10911 1 689 848
10912 0 676 865
10912 1 689 848
10913 0 675 865
10913 1 689 848
10914 0 674 865
10914 1 688 848
10915 0 673 865
10915 1 688 848
10916 0 672 865
10916 1 688 848
10917 0 671 865
10917 1 687 848
10918 0 670 865
10918 1 686 848
10919 0 669 865
10919 1 686 848
10920 0 668 865
10920 1 685 848
10921 0 667 865
10921 1 684 849
10922 0 667 865
10922 1 683 849
10923 0 666 865
10923 1 683 850
10924 0 665 865
10924 1 682 851
10925 0 665 865
10925 1 682 852
10926 0 664 865
10926 1 681 853
10927 0 664 865
10927 1 680 854
10928 0 664 865
10928 1 680 855
10929 0 664 865
10929 1 679 856
10930 0 664 865
10930 1 679 857
10931 0 664 865
10931 1 678 858
10932 0 664 865
10932 1 678 858
10933 0 664 865
10933 1 678 858
10934 0 664 865
10934 1 678 858
10935 0 664 865
10935 1 678 858
10936 0 664 866
10936 1 677 858
10937 0 664 866
10937 1 677 858
10938 0 664 866
10938 1 676 858
10939 0 664 866
10939 1 676 858
10940 0 664 866
10940 1 676 858
10941 0 664 866
10941 1 676 858
10942 0 664 866
10942 1 676 858
10943 0 664 866
10943 1 675 858
10944 0 663 867
10944 1 675 858
10945 0 663 867
10945 1 674 858
10946 0 663 867
10946 1 674 858
10947 0 662 868
10947 1 674 858
10948 0 661 869
10948 1 673 858
10949 0 661 869
10949 1 673 858
10950 0 660 870
10950 1 673 858
10951 0 660 871
10951 1 673 858
10952 0 659 872
10952 1 673 858
10953 0 658 873
10953 1 673 858
10954 0 657 874
10954 1 672 858
10955 0 656 874
10955 1 672 859
10956 0 656 874
10956 1 671 859
10957 0 655 875
10957 1 670 859
10958 0 655 875
10958 1 670 860
10959 0 655 875
10959 1 669 860
10960 0 654 876
10960 1 669 860
10961 0 654 877
10961 1 669 860
10962 0 654 877
10962 1 668 860
10963 0 653 878
10963 1 668 860
10964 0 653 879
10964 1 668 861
10965 0 652 880
10965 1 667 862
10966 0 651 881
10966 1 666 862
10967 0 651 881
10967 1 666 862
10968 0 650 882
10968 1 665 863
10969 0 650 882
10969 1 665 863
10970 0 650 882
10970 1 664 864
10971 0 649 882
10971 1 662 864
10972 0 649 882
10972 1 661 864
10973 0 649 882
10973 1 660 864
10974 0 649 882
10974 1 659 865
10975 0 649 882
10975 1 658 865
10976 0 649 882
10976 1 657 866
10977 0 648 882
10977 1 656 867
10978 0 648 882
10978 1 655 867
10979 0 647 882
10979 1 655 868
10980 0 646 882
10980 1 655 868
10981 0 646 882
10981 1 654 868
10982 0 644 884
10982 1 654 868
10983 0 643 884
10983 1 654 869
10984 0 641 885
10984 1 653 870
10985 0 639 886
10985 1 653 871
10986 0 638 886
10986 1 652 872
10987 0 637 886
10987 1 652 873
10988 0 636 887
10988 1 651 874
10989 0 636 887
10989 1 651 876
10990 0 635 887
10990 1 651 876
10991 0 634 887
10991 1 650 877
10992 0 633 887
10992 1 650 878
10993 0 633 887
10993 1 649 878
10994 0 633 887
10994 1 649 879
10995 0 632 887
10995 1 649 880
10996 0 632 887
10996 1 649 880
10997 0 632 887
10997 1 649 880
10998 0 631 887
10998 1 648 881
10999 0 631 887
10999 1 648 881
11000 0 631 887
11000 1 648 881
11001 0 631 887
11001 1 648 881
11002 0 631 887
11002 1 647 881
11003 0 631 887
11003 1 647 881
11004 0 630 887
11004 1 646 881
11005 0 630 887
11005 1 646 881
11006 0 630 887
11006 1 645 881
11007 0 630 887
11007 1 645 881
11008 0 630 887
11008 1 645 882
11009 0 630 887
11009 1 644 882
11010 0 630 887
11010 1 644 882
11011 0 630 887
11011 1 643 883
11012 0 629 887
11012 1 642 883
11013 0 629 887
11013 1 642 883
11014 0 629 886
11014 1 642 883
11015 0 628 885
11015 1 642 883
11016 0 628 885
11016 1 641 884
11017 0 628 885
11017 1 641 884
11018 0 627 883
11018 1 641 884
11019 0 626 881
11019 1 640 884
11020 0 625 879
11020 1 640 884
11021 0 625 879
11021 1 639 884
11022 0 625 879
11022 1 638 884
11023 0 624 878
11023 1 637 884
11024 0 624 877
11024 1 636 884
11025 0 624 877
11025 1 635 884
11026 0 624 876
11026 1 634 884
11027 0 624 876
11027 1 633 884
11028 0 623 875
11028 1 632 884
11029 0 623 875
11029 1 631 884
11030 0 623 875
11030 1 631 884
11031 0 623 875
11031 1 631 884
11032 0 622 874
11032 1 630 884
11033 0 622 874
11033 1 629 884
11034 0 622 874
11034 1 629 884
11035 0 622 874
11035 1 629 884
11036 0 622 874
11036 1 628 883
11037 0 622 873
11037 1 626 881
11038 0 622 873
11038 1 626 880
11039 0 622 873
11039 1 626 880
11040 0 622 873
11040 1 626 880
11041 0 620 873
11041 1 626 880
11042 0 619 873
11042 1 626 879
11043 0 617 873
11043 1 627 879
11044 0 616 873
11044 1 627 878
11045 0 614 874
11045 1 627 878
11046 0 613 875
11046 1 627 877
11047 0 611 875
11047 1 627 876
11048 0 610 876
11048 1 627 875
11049 0 610 876
11049 1 627 874
11050 0 609 876
11050 1 626 873
11051 0 609 876
11051 1 626 872
11052 0 609 876
11052 1 625 871
11053 0 609 876
11053 1 624 870
11054 0 609 876
11054 1 623 870
11055 0 609 876
11055 1 622 870
11056 0 609 876
11056 1 622 870
11057 0 609 876
11057 1 621 870
11058 0 609 876
11058 1 621 870
11059 0 609 876
11059 1 621 870
11060 0 609 876
11060 1 621 871
11061 0 609 876
11061 1 624 872
11062 0 609 876
11062 1 623 872
11063 0 609 876
11063 1 623 872
11064 0 609 876
11064 1 623 872
11065 0 609 876
11065 1 623 872
11066 0 608 877
11066 1 622 872
11067 0 607 878
11067 1 621 873
11068 0 606 879
11068 1 621 873
11069 0 605 880
11069 1 620 874
11070 0 604 881
11070 1 620 874
11071 0 603 883
11071 1 619 874
11072 0 602 884
11072 1 618 875
11073 0 601 885
11073 1 617 875
11074 0 600 886
11074 1 617 875
11075 0 600 886
11075 1 616 876
11076 0 600 887
11076 1 615 876
11077 0 600 887
11077 1 614 877
11078 0 600 887
11078 1 613 877
11079 0 600 887
11079 1 613 877
11080 0 600 887
11080 1 612 877
11081 0 599 888
11081 1 612 877
11082 0 599 888
11082 1 611 878
11083 0 598 889
11083 1 610 879
11084 0 598 889
11084 1 609 880
11085 0 598 889
11085 1 609 880
11086 0 598 889
11086 1 609 881
11087 0 598 889
11087 1 608 882
11088 0 597 889
11088 1 608 882
11089 0 596 890
11089 1 608 882
11090 0 596 890
11090 1 608 883
11091 0 595 890
11091 1 607 884
11092 0 593 890
11092 1 607 885
11093 0 592 891
11093 1 607 885
11094 0 591 891
11094 1 607 885
11095 0 589 891
11095 1 606 886
11096 0 587 892
11096 1 606 886
11097 0 585 892
11097 1 605 887
11098 0 584 892
11098 1 604 888
11099 0 582 891
11099 1 604 888
11100 0 581 891
11100 1 603 888
11101 0 574 890
11101 1 596 887
11102 0 574 890
11102 1 596 887
11103 0 573 890
11103 1 595 887
11104 0 573 890
11104 1 595 886
11105 0 573 890
11105 1 594 885
11106 0 573 890
11106 1 594 885
11107 0 573 890
11107 1 594 884
11108 0 573 890
11108 1 594 883
11109 0 573 891
11109 1 594 883
11110 0 572 891
11110 1 594 883
11111 0 572 892
11111 1 594 883
11112 0 571 892
11112 1 594 882
11113 0 571 892
11113 1 594 882
11114 0 571 892
11114 1 594 882
11115 0 571 892
11115 1 594 882
11116 0 571 892
11116 1 594 882
11117 0 571 893
11117 1 594 882
11118 0 571 893
11118 1 594 883
11119 0 571 893
11119 1 594 883
11120 0 571 893
11120 1 594 883
11121 0 571 894
11121 1 593 883
11122 0 571 894
11122 1 593 884
11123 0 571 894
11123 1 593 884
11124 0 571 895
11124 1 593 885
11125 0 571 896
11125 1 593 885
11126 0 571 897
11126 1 593 886
11127 0 571 898
11127 1 593 886
11128 0 571 898
11128 1 594 886
11129 0 571 898
11129 1 594 886
11130 0 571 898
11130 1 595 886
11131 0 571 898
11131 1 595 887
11132 0 571 898
11132 1 595 887
11133 0 571 898
11133 1 595 887
11134 0 571 898
11134 1 595 887
11135 0 571 898
11135 1 595 887
11136 0 571 898
11136 1 595 887
11137 0 570 899
11137 1 595 887
11138 0 570 900
11138 1 595 887
11139 0 570 900
11139 1 595 887
11140 0 570 900
11140 1 594 887
11141 0 570 900
11141 1 594 887
11142 0 570 900
11142 1 594 887
11143 0 570 900
11143 1 594 887
11144 0 571 900
11144 1 594 887
11145 0 571 900
11145 1 593 887
11146 0 571 900
11146 1 593 887
11147 0 572 900
11147 1 593 887
11148 0 572 900
11148 1 593 887
11149 0 573 901
11149 1 593 887
11150 0 574 902
11150 1 593 887
11151 0 575 902
11151 1 593 887
11152 0 575 902
11152 1 593 887
11153 0 576 902
11153 1 592 887
11154 0 577 903
11154 1 591 887
11155 0 578 903
11155 1 591 887
11156 0 578 903
11156 1 590 887
11157 0 579 903
11157 1 590 887
11158 0 580 903
11158 1 590 887
11159 0 581 903
11159 1 590 887
11160 0 581 903
11160 1 590 887
11161 0 581 903
11161 1 590 887
11162 0 582 903
11162 1 590 887
11163 0 582 903
11163 1 590 887
11164 0 582 903
11164 1 590 887
11165 0 582 903
11165 1 590 887
11166 0 582 903
11166 1 590 887
11167 0 582 903
11167 1 590 887
11168 0 582 903
11168 1 590 887
11169 0 582 903
11169 1 590 887
11170 0 582 903
11170 1 590 887
11171 0 582 903
11171 1 590 887
11172 0 582 903
11172 1 589 887
11173 0 582 902
11173 1 589 887
11174 0 582 902
11174 1 588 887
11175 0 582 902
11175 1 587 888
11176 0 582 902
11176 1 586 889
11177 0 582 902
11177 1 585 889
11178 0 582 902
11178 1 585 889
11179 0 583 902
11179 1 584 889
11180 0 583 902
11180 1 583 889
11181 0 583 901
11181 1 582 890
11182 0 584 901
11182 1 581 890
11183 0 584 901
11183 1 580 890
11184 0 585 901
11184 1 580 890
11185 0 585 900
11185 1 579 890
11186 0 585 900
11186 1 578 891
11187 0 585 900
11187 1 576 891
11188 0 585 900
11188 1 576 891
11189 0 585 900
11189 1 575 891
11190 0 585 900
11190 1 574 892
11191 0 585 900
11191 1 574 892
11192 0 585 900
11192 1 574 892
11193 0 585 900
11193 1 573 893
11194 0 585 900
11194 1 572 894
11195 0 585 900
11195 1 572 894
11196 0 585 900
11196 1 572 895
11197 0 585 899
11197 1 572 895
11198 0 585 899
11198 1 572 895
11199 0 586 898
11199 1 572 895
11200 0 586 898
11200 1 572 895
11201 0 588 896
11201 1 572 895
11202 0 589 895
11202 1 572 896
11203 0 591 894
11203 1 572 897
11204 0 592 893
11204 1 572 898
11205 0 593 892
11205 1 573 898
11206 0 593 891
11206 1 573 898
11207 0 593 890
11207 1 573 898
11208 0 593 889
11208 1 574 899
11209 0 593 887
11209 1 574 899
11210 0 593 886
11210 1 575 900
11211 0 593 885
11211 1 575 900
11212 0 593 885
11212 1 575 900
11213 0 593 885
11213 1 575 900
11214 0 594 884
11214 1 576 900
11215 0 595 884
11215 1 576 900
11216 0 596 884
11216 1 577 901
11217 0 596 884
11217 1 577 901
11218 0 596 884
11218 1 577 901
11219 0 597 884
11219 1 577 901
11220 0 597 884
11220 1 577 901
11221 0 598 884
11221 1 578 901
11222 0 599 884
11222 1 578 901
11223 0 600 884
11223 1 579 901
11224 0 601 884
11224 1 579 900
11225 0 602 885
11225 1 580 899
11226 0 603 885
11226 1 581 899
11227 0 604 885
11227 1 581 899
11228 0 605 885
11228 1 582 898
11229 0 606 885
11229 1 582 897
11230 0 607 885
11230 1 583 896
11231 0 608 885
11231 1 583 895
11232 0 609 885
11232 1 584 894
11233 0 609 885
11233 1 585 893
11234 0 609 885
11234 1 586 892
11235 0 609 885
11235 1 586 892
11236 0 609 886
11236 1 587 891
11237 0 610 886
11237 1 588 890
11238 0 611 887
11238 1 589 890
11239 0 611 887
11239 1 589 890
11240 0 611 887
11240 1 591 890
11241 0 611 887
11241 1 591 890
11242 0 611 887
11242 1 592 889
11243 0 611 887
11243 1 592 889
11244 0 611 887
11244 1 593 889
11245 0 612 887
11245 1 593 889
11246 0 613 887
11246 1 594 889
11247 0 615 887
11247 1 595 888
11248 0 616 887
11248 1 596 888
11249 0 618 888
11249 1 597 888
11250 0 620 889
11250 1 597 888
11251 0 622 889
11251 1 598 888
11252 0 624 889
11252 1 598 888
11253 0 625 889
11253 1 599 888
11254 0 625 889
11254 1 600 888
11255 0 625 889
11255 1 601 888
11256 0 625 889
11256 1 601 887
11257 0 625 889
11257 1 602 887
11258 0 626 889
11258 1 603 887
11259 0 626 888
11259 1 604 887
11260 0 627 888
11260 1 605 887
11261 0 628 888
11261 1 605 887
11262 0 628 888
11262 1 606 886
11263 0 628 888
11263 1 607 886
11264 0 628 888
11264 1 608 886
11265 0 628 888
11265 1 609 886
11266 0 628 887
11266 1 610 886
11267 0 628 887
11267 1 610 886
11268 0 628 886
11268 1 610 886
11269 0 628 885
11269 1 610 886
11270 0 628 883
11270 1 610 886
11271 0 628 881
11271 1 611 886
11272 0 628 880
11272 1 611 887
11273 0 629 878
11273 1 612 887
11274 0 630 876
11274 1 612 887
11275 0 631 875
11275 1 613 887
11276 0 631 874
11276 1 614 888
11277 0 631 873
11277 1 614 888
11278 0 632 872
11278 1 615 889
11279 0 633 871
11279 1 615 889
11280 0 635 871
11280 1 616 889
11281 0 636 872
11281 1 616 889
11282 0 638 872
11282 1 616 889
11283 0 639 872
11283 1 616 889
11284 0 641 872
11284 1 616 889
11285 0 642 873
11285 1 616 889
11286 0 642 873
11286 1 617 889
11287 0 643 874
11287 1 617 889
11288 0 643 874
11288 1 617 889
11289 0 644 875
11289 1 617 889
11290 0 645 875
11290 1 617 889
11291 0 646 876
11291 1 617 889
11292 0 647 877
11292 1 617 889
11293 0 647 877
11293 1 617 889
11294 0 647 877
11294 1 617 889
11295 0 647 877
11295 1 618 889
11296 0 647 878
11296 1 619 889
11297 0 647 879
11297 1 620 888
11298 0 647 879
11298 1 620 888
11299 0 647 880
11299 1 621 888
11300 0 647 881
11300 1 622 888
11301 0 647 881
11301 1 623 888
11302 0 645 879
11302 1 623 888
11303 0 645 879
11303 1 623 888
11304 0 645 879
11304 1 624 888
11305 0 645 880
11305 1 624 888
11306 0 645 880
11306 1 625 888
11307 0 645 880
11307 1 625 888
11308 0 645 880
11308 1 626 889
11309 0 645 880
11309 1 626 889
11310 0 645 880
11310 1 626 889
11311 0 645 880
11311 1 626 889
11312 0 645 880
11312 1 626 889
11313 0 645 880
11313 1 626 889
11314 0 645 880
11314 1 626 889
11315 0 645 880
11315 1 626 889
11316 0 645 880
11316 1 626 889
11317 0 645 880
11317 1 626 889
11318 0 645 880
11318 1 626 889
11319 0 645 880
11319 1 626 889
11320 0 645 880
11320 1 626 889
11321 0 645 880
11321 1 626 889
11322 0 645 880
11322 1 626 889
11323 0 645 881
11323 1 626 890
11324 0 648 887
11324 1 632 888
11325 0 648 887
11325 1 632 888
11326 0 648 887
11326 1 632 888
11327 0 648 887
11327 1 632 888
11328 0 648 887
11328 1 632 888
11329 0 648 887
11329 1 631 888
11330 0 648 887
11330 1 631 888
11331 0 648 887
11331 1 631 888
11332 0 648 887
11332 1 630 888
11333 0 648 887
11333 1 630 888
11334 0 648 887
11334 1 630 887
11335 0 648 887
11335 1 630 887
11336 0 648 887
11336 1 629 887
11337 0 648 887
11337 1 629 886
11338 0 648 887
11338 1 629 886
11339 0 648 887
11339 1 628 886
11340 0 648 887
11340 1 628 886
11341 0 648 887
11341 1 628 886
11342 0 648 887
11342 1 628 886
11343 0 648 888
11343 1 627 885
11344 0 648 888
11344 1 627 885
11345 0 648 888
11345 1 627 885
11346 0 648 888
11346 1 627 884
11347 0 648 888
11347 1 626 883
11348 0 648 888
11348 1 626 882
11349 0 648 888
11349 1 626 881
11350 0 648 888
11350 1 626 880
11351 0 648 888
11351 1 626 880
11352 0 648 888
11352 1 625 879
11353 0 648 888
11353 1 625 879
11354 0 648 888
11354 1 625 878
11355 0 648 888
11355 1 625 877
11356 0 648 888
11356 1 625 877
11357 0 648 888
11357 1 625 876
11358 0 648 888
11358 1 626 876
11359 0 648 888
11359 1 626 875
11360 0 648 888
11360 1 626 875
11361 0 648 888
11361 1 626 875
11362 0 648 888
11362 1 626 874
11363 0 649 888
11363 1 626 874
11364 0 649 888
11364 1 626 874
11365 0 649 888
11365 1 627 873
11366 0 650 888
11366 1 627 873
11367 0 650 888
11367 1 627 873
11368 0 650 888
11368 1 628 873
11369 0 650 888
11369 1 628 873
11370 0 651 888
11370 1 629 873
11371 0 651 888
11371 1 630 873
11372 0 651 888
11372 1 630 873
11373 0 651 888
11373 1 631 873
11374 0 651 888
11374 1 632 874
11375 0 651 888
11375 1 633 875
11376 0 651 888
11376 1 634 875
11377 0 651 888
11377 1 635 875
11378 0 651 888
11378 1 636 876
11379 0 651 888
11379 1 636 876
11380 0 651 888
11380 1 637 877
11381 0 651 888
11381 1 638 877
11382 0 651 888
11382 1 638 877
11383 0 651 888
11383 1 638 877
11384 0 652 887
11384 1 639 877
11385 0 652 887
11385 1 639 877
11386 0 654 887
11386 1 639 877
11387 0 656 886
11387 1 639 877
11388 0 657 885
11388 1 640 877
11389 0 659 885
11389 1 641 877
11390 0 661 884
11390 1 642 878
11391 0 663 883
11391 1 643 878
11392 0 665 882
11392 1 644 878
11393 0 666 882
11393 1 645 878
11394 0 667 882
11394 1 646 878
11395 0 667 882
11395 1 647 879
11396 0 667 882
11396 1 647 879
11397 0 667 882
11397 1 647 879
11398 0 667 882
11398 1 648 880
11399 0 667 882
11399 1 648 880
11400 0 668 882
11400 1 649 881
11401 0 668 882
11401 1 649 881
11402 0 672 878
11402 1 649 881
11403 0 672 878
11403 1 649 881
11404 0 672 878
11404 1 650 881
11405 0 672 878
11405 1 651 882
11406 0 672 878
11406 1 651 882
11407 0 673 878
11407 1 652 882
11408 0 674 878
11408 1 652 882
11409 0 675 878
11409 1 653 882
11410 0 675 878
11410 1 653 882
11411 0 675 878
11411 1 654 882
11412 0 675 878
11412 1 654 881
11413 0 675 878
11413 1 655 880
11414 0 675 878
11414 1 656 879
11415 0 676 879
11415 1 656 879
11416 0 676 879
11416 1 657 878
11417 0 676 879
11417 1 658 877
11418 0 676 879
11418 1 658 877
11419 0 676 879
11419 1 659 876
11420 0 676 879
11420 1 659 876
11421 0 676 879
11421 1 659 876
11422 0 676 879
11422 1 659 876
11423 0 677 879
11423 1 660 875
11424 0 678 879
11424 1 660 875
11425 0 680 880
11425 1 661 875
11426 0 681 880
11426 1 661 874
11427 0 683 880
11427 1 661 874
11428 0 684 880
11428 1 662 874
11429 0 686 881
11429 1 662 874
11430 0 688 881
11430 1 663 874
11431 0 689 881
11431 1 664 874
11432 0 689 881
11432 1 664 874
11433 0 690 881
11433 1 665 874
11434 0 690 881
11434 1 666 874
11435 0 690 881
11435 1 667 875
11436 0 691 881
11436 1 668 875
11437 0 691 881
11437 1 669 876
11438 0 692 881
11438 1 670 877
11439 0 692 881
11439 1 671 877
11440 0 692 881
11440 1 672 877
11441 0 692 880
11441 1 673 878
11442 0 692 880
11442 1 673 878
11443 0 693 880
11443 1 674 878
11444 0 693 879
11444 1 674 878
11445 0 694 879
11445 1 674 878
11446 0 694 878
11446 1 674 878
11447 0 694 878
11447 1 675 878
11448 0 695 877
11448 1 676 878
11449 0 696 877
11449 1 677 878
11450 0 698 875
11450 1 678 879
11451 0 699 874
11451 1 679 879
11452 0 700 873
11452 1 680 879
11453 0 702 872
11453 1 680 879
11454 0 703 871
11454 1 681 879
11455 0 703 871
11455 1 681 879
11456 0 704 870
11456 1 682 879
11457 0 704 870
11457 1 683 879
11458 0 704 870
11458 1 684 879
11459 0 704 870
11459 1 684 879
11460 0 704 870
11460 1 685 878
11461 0 704 870
11461 1 685 877
11462 0 704 870
11462 1 686 877
11463 0 703 870
11463 1 687 876
11464 0 703 869
11464 1 687 875
11465 0 703 868
11465 1 688 875
11466 0 703 867
11466 1 688 874
11467 0 701 869
11467 1 688 874
11468 0 701 869
11468 1 689 873
11469 0 701 868
11469 1 689 873
11470 0 700 866
11470 1 689 873
11471 0 700 864
11471 1 689 873
11472 0 700 862
11472 1 689 872
11473 0 699 860
11473 1 690 872
11474 0 698 858
11474 1 690 872
11475 0 698 857
11475 1 691 871
11476 0 698 857
11476 1 691 871
11477 0 697 856
11477 1 692 871
11478 0 697 856
11478 1 693 871
11479 0 696 855
11479 1 694 871
11480 0 695 854
11480 1 695 870
11481 0 694 853
11481 1 696 870
11482 0 693 852
11482 1 697 870
11483 0 693 852
11483 1 698 870
11484 0 693 852
11484 1 698 870
11485 0 692 851
11485 1 698 870
11486 0 691 850
11486 1 698 870
11487 0 691 850
11487 1 698 870
11488 0 690 849
11488 1 698 870
11489 0 690 849
11489 1 698 870
11490 0 689 847
11490 1 698 870
11491 0 688 845
11491 1 698 870
11492 0 688 844
11492 1 698 870
11493 0 687 843
11493 1 698 870
11494 0 687 843
11494 1 698 870
11495 0 687 842
11495 1 698 870
11496 0 687 841
11496 1 698 870
11497 0 687 841
11497 1 698 870
11498 0 687 841
11498 1 698 870
11499 0 687 841
11499 1 698 870
11500 0 687 841
11500 1 698 870
11501 0 687 841
11501 1 698 870
11502 0 686 840
11502 1 698 870
11503 0 686 840
11503 1 699 870
11504 0 686 840
11504 1 699 870
11505 0 686 840
11505 1 699 870
11506 0 686 840
11506 1 699 870
11507 0 686 840
11507 1 699 870
11508 0 686 840
11508 1 699 870
11509 0 686 840
11509 1 699 870
11510 0 686 840
11510 1 699 870
11511 0 686 840
11511 1 699 870
11512 0 686 839
11512 1 699 870
11513 0 686 839
11513 1 699 870
11514 0 687 839
11514 1 699 870
11515 0 687 838
11515 1 699 870
11516 0 687 837
11516 1 699 870
11517 0 687 836
11517 1 699 870
11518 0 688 835
11518 1 699 870
11519 0 689 833
11519 1 699 870
11520 0 689 832
11520 1 699 870
11521 0 689 832
11521 1 699 870
11522 0 690 831
11522 1 699 870
11523 0 690 831
11523 1 699 870
11524 0 690 831
11524 1 700 870
11525 0 691 831
11525 1 700 870
11526 0 692 831
11526 1 700 870
11527 0 692 831
11527 1 700 870
11528 0 693 830
11528 1 700 870
11529 0 693 830
11529 1 700 870
11530 0 693 830
11530 1 700 870
11531 0 693 830
11531 1 700 870
11532 0 693 830
11532 1 700 870
11533 0 694 830
11533 1 700 870
11534 0 694 830
11534 1 700 870
11535 0 695 830
11535 1 700 870
11536 0 695 830
11536 1 700 870
11537 0 695 830
11537 1 700 870
11538 0 695 830
11538 1 700 870
11539 0 695 830
11539 1 700 870
11540 0 695 830
11540 1 700 870
11541 0 695 830
11541 1 700 869
11542 0 695 830
11542 1 700 869
11543 0 695 830
11543 1 700 869
11544 0 695 830
11544 1 700 869
11545 0 696 830
11545 1 700 869
11546 0 696 830
11546 1 700 869
11547 0 696 830
11547 1 700 869
11548 0 696 830
11548 1 700 869
11549 0 697 830
11549 1 700 869
11550 0 697 830
11550 1 700 869
11551 0 697 830
11551 1 700 869
11552 0 698 830
11552 1 700 869
11553 0 698 830
11553 1 700 869
11554 0 699 831
11554 1 700 869
11555 0 699 831
11555 1 700 869
11556 0 699 831
11556 1 700 869
11557 0 699 831
11557 1 700 868
11558 0 699 831
11558 1 700 868
11559 0 699 831
11559 1 700 868
11560 0 699 831
11560 1 700 867
11561 0 699 831
11561 1 699 867
11562 0 699 831
11562 1 699 867
11563 0 699 831
11563 1 699 866
11564 0 699 831
11564 1 699 865
11565 0 699 831
11565 1 699 865
11566 0 699 831
11566 1 699 865
11567 0 699 831
11567 1 699 865
11568 0 699 831
11568 1 699 865
11569 0 699 831
11569 1 699 865
11570 0 699 831
11570 1 699 865
11571 0 699 831
11571 1 699 865
11572 0 699 831
11572 1 700 865
11573 0 699 831
11573 1 700 865
11574 0 699 831
11574 1 700 865
11575 0 699 831
11575 1 701 865
11576 0 699 831
11576 1 701 865
11577 0 699 831
11577 1 701 865
11578 0 699 831
11578 1 701 865
11579 0 699 831
11579 1 702 865
11580 0 699 831
11580 1 702 865
11581 0 699 831
11581 1 702 865
11582 0 699 831
11582 1 702 865
11583 0 699 831
11583 1 702 865
11584 0 699 831
11584 1 702 865
11585 0 700 831
11585 1 702 865
11586 0 700 831
11586 1 702 865
11587 0 701 832
11587 1 702 865
11588 0 701 832
11588 1 702 865
11589 0 701 832
11589 1 703 865
11590 0 701 833
11590 1 703 865
11591 0 702 834
11591 1 703 865
11592 0 702 834
11592 1 703 865
11593 0 702 834
11593 1 703 865
11594 0 702 834
11594 1 703 865
11595 0 702 835
11595 1 703 865
11596 0 702 835
11596 1 703 865
11597 0 701 836
11597 1 700 861
11598 0 702 836
11598 1 701 860
11599 0 702 837
11599 1 701 860
11600 0 702 838
11600 1 702 859
11601 0 702 838
11601 1 703 858
11602 0 701 839
11602 1 704 858
11603 0 701 840
11603 1 705 858
11604 0 701 841
11604 1 705 859
11605 0 701 842
11605 1 705 860
11606 0 701 843
11606 1 702 862
11607 0 701 844
11607 1 702 862
11608 0 700 846
11608 1 702 862
11609 0 700 847
11609 1 703 862
11610 0 700 848
11610 1 703 862
11611 0 701 849
11611 1 703 862
11612 0 701 850
11612 1 704 862
11613 0 701 850
11613 1 704 861
11614 0 701 850
11614 1 704 861
11615 0 701 850
11615 1 704 861
11616 0 701 850
11616 1 705 860
11617 0 701 850
11617 1 705 860
11618 0 701 850
11618 1 705 860
11619 0 701 850
11619 1 706 861
11620 0 701 851
11620 1 706 861
11621 0 701 851
11621 1 706 861
11622 0 701 851
11622 1 706 861
11623 0 701 852
11623 1 706 862
11624 0 701 852
11624 1 706 862
11625 0 701 852
11625 1 706 862
11626 0 700 854
11626 1 707 863
11627 0 700 855
11627 1 708 864
11628 0 700 856
11628 1 708 864
11629 0 701 857
11629 1 709 866
11630 0 702 858
11630 1 709 867
11631 0 703 860
11631 1 710 868
11632 0 704 861
11632 1 712 869
11633 0 705 862
11633 1 713 870
11634 0 706 864
11634 1 714 872
11635 0 708 865
11635 1 715 873
11636 0 708 865
11636 1 699 850
11637 0 708 865
11637 1 699 850
11638 0 708 865
11638 1 699 850
11639 0 708 865
11639 1 700 851
11640 0 708 865
11640 1 701 852
11641 0 708 865
11641 1 701 853
11642 0 708 865
11642 1 701 853
11643 0 708 865
11643 1 701 854
11644 0 708 866
11644 1 702 854
11645 0 709 867
11645 1 703 852
11646 0 710 867
11646 1 703 851
11647 0 710 868
11647 1 703 852
11648 0 711 869
11648 1 703 852
11649 0 711 870
11649 1 703 853
11650 0 711 870
11650 1 703 853
11651 0 711 870
11651 1 703 854
11652 0 711 871
11652 1 704 854
11653 0 711 871
11653 1 704 854
11654 0 711 871
11654 1 705 855
11655 0 711 871
11655 1 705 856
11656 0 711 871
11656 1 706 858
11657 0 711 871
11657 1 706 859
11658 0 711 871
11658 1 707 859
11659 0 711 871
11659 1 707 860
11660 0 711 871
11660 1 707 860
11661 0 712 872
11661 1 707 860
11662 0 712 872
11662 1 707 860
11663 0 712 873
11663 1 708 861
11664 0 713 874
11664 1 708 861
11665 0 714 876
11665 1 709 862
11666 0 715 877
11666 1 709 862
11667 0 717 879
11667 1 710 862
11668 0 718 880
11668 1 710 863
11669 0 719 881
11669 1 711 863
11670 0 719 881
11670 1 711 864
11671 0 719 881
11671 1 712 865
11672 0 719 881
11672 1 712 866
11673 0 719 881
11673 1 713 866
11674 0 719 881
11674 1 713 867
11675 0 720 882
11675 1 713 867
11676 0 721 882
11676 1 713 867
11677 0 721 882
11677 1 713 868
11678 0 721 882
11678 1 713 868
11679 0 722 882
11679 1 713 868
11680 0 722 882
11680 1 713 868
11681 0 722 882
11681 1 713 868
11682 0 722 882
11682 1 713 868
11683 0 722 882
11683 1 713 868
11684 0 722 882
11684 1 713 868
11685 0 722 882
11685 1 714 869
11686 0 723 882
11686 1 714 869
11687 0 723 882
11687 1 715 870
11688 0 723 882
11688 1 716 871
11689 0 723 882
11689 1 716 871
11690 0 724 881
11690 1 717 872
11691 0 724 881
11691 1 717 872
11692 0 724 881
11692 1 717 872
11693 0 724 881
11693 1 717 872
11694 0 725 880
11694 1 717 872
11695 0 725 879
11695 1 718 873
11696 0 725 879
11696 1 718 873
11697 0 725 879
11697 1 718 874
11698 0 725 878
11698 1 718 874
11699 0 725 877
11699 1 719 874
11700 0 725 876
11700 1 719 875
11701 0 724 875
11701 1 719 875
11702 0 723 873
11702 1 720 875
11703 0 723 873
11703 1 720 876
11704 0 722 872
11704 1 721 876
11705 0 721 871
11705 1 721 876
11706 0 721 870
11706 1 721 876
11707 0 720 868
11707 1 721 876
11708 0 719 867
11708 1 721 876
11709 0 718 866
11709 1 721 876
11710 0 718 866
11710 1 721 876
11711 0 717 865
11711 1 720 876
11712 0 717 865
11712 1 720 876
11713 0 716 865
11713 1 720 876
