FRAME   ID  X   Y (0 is Leader, 1 is Follower)
501 0 635 454
501 1 598 472
502 0 635 453
502 1 598 472
503 0 635 452
503 1 598 472
504 0 634 452
504 1 598 472
505 0 635 452
505 1 598 472
506 0 634 452
506 1 598 472
507 0 634 452
507 1 598 472
508 0 634 453
508 1 598 472
509 0 634 453
509 1 598 472
510 0 633 453
510 1 598 472
511 0 632 452
511 1 598 472
512 0 632 452
512 1 598 472
513 0 632 451
513 1 598 472
514 0 631 449
514 1 598 472
515 0 630 448
515 1 598 472
516 0 630 448
516 1 598 472
517 0 630 448
517 1 598 472
518 0 629 447
518 1 598 472
519 0 628 446
519 1 598 472
520 0 629 447
520 1 598 472
521 0 628 446
521 1 598 472
522 0 629 446
522 1 598 472
523 0 628 446
523 1 598 472
524 0 628 445
524 1 598 472
525 0 628 444
525 1 598 472
526 0 628 444
526 1 598 472
527 0 628 444
527 1 598 472
528 0 629 445
528 1 598 472
529 0 628 445
529 1 598 472
530 0 629 444
530 1 598 472
531 0 628 445
531 1 598 472
532 0 628 444
532 1 598 472
533 0 628 444
533 1 598 472
534 0 628 444
534 1 598 472
535 0 627 444
535 1 598 472
536 0 626 444
536 1 598 472
537 0 626 444
537 1 598 472
538 0 626 444
538 1 598 472
539 0 625 444
539 1 598 472
540 0 623 445
540 1 598 472
541 0 623 445
541 1 598 472
542 0 623 445
542 1 598 472
543 0 623 445
543 1 598 472
544 0 623 445
544 1 598 472
545 0 623 445
545 1 598 472
546 0 623 445
546 1 598 472
547 0 623 445
547 1 598 472
548 0 623 445
548 1 598 472
549 0 623 445
549 1 598 472
550 0 623 446
550 1 598 472
551 0 623 447
551 1 598 472
552 0 623 448
552 1 598 472
553 0 624 449
553 1 598 472
554 0 625 449
554 1 598 472
555 0 624 449
555 1 598 472
556 0 625 450
556 1 598 472
557 0 625 452
557 1 598 472
558 0 625 453
558 1 598 472
559 0 625 454
559 1 598 472
560 0 625 456
560 1 598 472
561 0 625 458
561 1 598 472
562 0 625 459
562 1 597 473
563 0 625 460
563 1 596 472
564 0 625 462
564 1 597 473
565 0 625 463
565 1 596 472
566 0 624 464
566 1 597 473
567 0 625 465
567 1 596 472
568 0 624 465
568 1 597 473
569 0 624 466
569 1 596 472
570 0 622 468
570 1 597 473
571 0 621 469
571 1 596 473
572 0 619 469
572 1 597 473
573 0 618 469
573 1 596 473
574 0 617 469
574 1 597 473
575 0 615 469
575 1 596 473
576 0 613 469
576 1 597 473
577 0 612 469
577 1 596 473
578 0 612 469
578 1 597 473
579 0 612 469
579 1 596 473
580 0 611 468
580 1 597 473
581 0 609 468
581 1 596 473
582 0 608 468
582 1 597 473
583 0 608 468
583 1 596 473
584 0 607 467
584 1 596 473
585 0 605 466
585 1 596 473
586 0 604 467
586 1 596 473
587 0 604 466
587 1 596 473
588 0 603 467
588 1 596 474
589 0 602 466
589 1 596 475
590 0 602 467
590 1 596 474
591 0 602 467
591 1 595 474
592 0 602 467
592 1 593 475
593 0 602 467
593 1 592 474
594 0 602 467
594 1 592 475
595 0 602 467
595 1 591 474
596 0 602 467
596 1 589 475
597 0 602 467
597 1 587 474
598 0 602 467
598 1 587 474
599 0 601 468
599 1 586 474
600 0 600 469
600 1 587 474
601 0 600 469
601 1 586 474
602 0 600 469
602 1 586 474
603 0 600 469
603 1 586 474
604 0 600 470
604 1 586 474
605 0 600 471
605 1 586 474
606 0 598 472
606 1 586 474
607 0 598 473
607 1 585 474
608 0 598 473
608 1 584 474
609 0 598 473
609 1 584 474
610 0 597 474
610 1 583 474
611 0 596 475
611 1 581 474
612 0 596 475
612 1 579 474
613 0 596 475
613 1 578 474
614 0 595 476
614 1 579 474
615 0 594 477
615 1 578 474
616 0 593 477
616 1 578 474
617 0 592 477
617 1 578 474
618 0 592 477
618 1 578 474
619 0 592 477
619 1 578 474
620 0 591 477
620 1 577 474
621 0 591 477
621 1 575 474
622 0 590 477
622 1 575 474
623 0 591 477
623 1 574 474
624 0 590 476
624 1 573 473
625 0 589 477
625 1 571 472
626 0 588 476
626 1 570 472
627 0 588 477
627 1 570 472
628 0 587 476
628 1 570 472
629 0 586 476
629 1 570 472
630 0 585 476
630 1 570 472
631 0 584 476
631 1 569 472
632 0 583 475
632 1 568 472
633 0 582 474
633 1 568 472
634 0 582 475
634 1 568 472
635 0 581 474
635 1 568 472
636 0 579 475
636 1 568 472
637 0 579 474
637 1 567 472
638 0 579 475
638 1 566 472
639 0 579 474
639 1 566 473
640 0 579 475
640 1 565 472
641 0 578 474
641 1 563 473
642 0 578 475
642 1 561 472
643 0 578 474
643 1 559 473
644 0 578 475
644 1 556 473
645 0 577 474
645 1 555 474
646 0 575 474
646 1 553 475
647 0 574 474
647 1 552 474
648 0 574 474
648 1 551 475
649 0 573 474
649 1 550 475
650 0 571 474
650 1 551 475
651 0 570 473
651 1 550 475
652 0 570 471
652 1 550 475
653 0 569 471
653 1 550 475
654 0 567 469
654 1 550 475
655 0 566 468
655 1 549 475
656 0 566 468
656 1 548 475
657 0 565 467
657 1 548 475
658 0 564 465
658 1 548 475
659 0 564 465
659 1 548 475
660 0 564 465
660 1 548 475
661 0 564 465
661 1 548 475
662 0 564 465
662 1 548 475
663 0 563 464
663 1 548 475
664 0 561 464
664 1 548 475
665 0 560 463
665 1 548 475
666 0 560 462
666 1 548 475
667 0 560 462
667 1 548 475
668 0 559 462
668 1 548 475
669 0 558 461
669 1 548 475
670 0 558 460
670 1 548 475
671 0 558 460
671 1 548 475
672 0 557 459
672 1 548 475
673 0 556 458
673 1 548 475
674 0 557 458
674 1 548 475
675 0 556 458
675 1 548 475
676 0 556 457
676 1 548 475
677 0 556 457
677 1 548 475
678 0 556 457
678 1 548 475
679 0 556 457
679 1 548 475
680 0 556 457
680 1 548 475
681 0 556 457
681 1 548 475
682 0 556 456
682 1 548 475
683 0 556 457
683 1 548 475
684 0 555 456
684 1 548 475
685 0 554 456
685 1 548 475
686 0 554 456
686 1 548 475
687 0 553 456
687 1 548 475
688 0 551 457
688 1 548 475
689 0 550 456
689 1 548 475
690 0 550 457
690 1 548 475
691 0 550 457
691 1 548 475
692 0 549 457
692 1 548 476
693 0 547 458
693 1 548 476
694 0 546 460
694 1 548 476
695 0 546 461
695 1 548 476
696 0 546 461
696 1 548 476
697 0 545 462
697 1 548 476
698 0 544 463
698 1 548 476
699 0 545 463
699 1 548 476
700 0 544 463
700 1 548 476
701 0 545 463
701 1 548 476
702 0 544 463
702 1 548 476
703 0 544 463
703 1 548 476
704 0 544 463
704 1 548 476
705 0 544 463
705 1 548 476
706 0 543 463
706 1 548 476
707 0 541 463
707 1 548 476
708 0 540 462
708 1 548 476
709 0 539 462
709 1 548 476
710 0 538 462
710 1 548 476
711 0 538 461
711 1 548 476
712 0 538 459
712 1 548 476
713 0 537 457
713 1 548 476
714 0 536 456
714 1 548 476
715 0 536 456
715 1 548 476
716 0 536 455
716 1 548 476
717 0 536 453
717 1 548 476
718 0 535 451
718 1 548 476
719 0 535 450
719 1 548 476
720 0 535 450
720 1 548 476
721 0 535 450
721 1 548 476
722 0 535 449
722 1 548 476
723 0 535 448
723 1 548 476
724 0 536 448
724 1 548 476
725 0 537 448
725 1 548 476
726 0 536 448
726 1 548 476
727 0 537 448
727 1 548 476
728 0 537 448
728 1 548 476
729 0 538 448
729 1 548 476
730 0 540 448
730 1 548 476
731 0 541 449
731 1 548 476
732 0 541 448
732 1 548 476
733 0 542 449
733 1 548 476
734 0 543 449
734 1 548 476
735 0 543 449
735 1 548 476
736 0 544 451
736 1 548 476
737 0 545 452
737 1 548 476
738 0 545 454
738 1 548 476
739 0 546 456
739 1 548 476
740 0 547 458
740 1 548 476
741 0 548 460
741 1 548 476
742 0 550 462
742 1 548 476
743 0 551 463
743 1 548 476
744 0 551 464
744 1 543 479
745 0 551 465
745 1 543 479
746 0 552 465
746 1 543 479
747 0 553 466
747 1 543 479
748 0 553 468
748 1 543 479
749 0 553 468
749 1 543 479
750 0 553 468
750 1 543 479
751 0 553 468
751 1 543 479
752 0 553 468
752 1 543 479
753 0 553 468
753 1 543 479
754 0 553 468
754 1 543 479
755 0 553 468
755 1 543 479
756 0 553 468
756 1 542 479
757 0 553 469
757 1 543 480
758 0 553 468
758 1 542 480
759 0 553 469
759 1 543 481
760 0 553 468
760 1 542 480
761 0 553 469
761 1 542 481
762 0 553 468
762 1 543 481
763 0 553 469
763 1 542 481
764 0 553 468
764 1 542 481
765 0 553 469
765 1 542 481
766 0 553 468
766 1 542 481
767 0 553 469
767 1 542 482
768 0 553 468
768 1 542 483
769 0 552 469
769 1 542 483
770 0 553 469
770 1 541 484
771 0 552 469
771 1 540 486
772 0 552 469
772 1 540 487
773 0 552 469
773 1 540 487
774 0 551 469
774 1 540 487
775 0 550 469
775 1 540 487
776 0 550 469
776 1 540 488
777 0 550 469
777 1 540 489
778 0 549 470
778 1 539 489
779 0 547 471
779 1 538 490
780 0 546 471
780 1 539 491
781 0 547 472
781 1 538 491
782 0 545 474
782 1 539 491
783 0 545 475
783 1 538 491
784 0 544 474
784 1 539 491
785 0 544 476
785 1 538 492
786 0 544 477
786 1 538 494
787 0 543 477
787 1 538 494
788 0 542 477
788 1 537 495
789 0 543 477
789 1 536 495
790 0 542 477
790 1 536 497
791 0 542 478
791 1 535 499
792 0 542 479
792 1 533 501
793 0 542 479
793 1 533 502
794 0 541 480
794 1 532 504
795 0 541 482
795 1 533 505
796 0 541 483
796 1 532 505
797 0 541 484
797 1 532 505
798 0 541 486
798 1 532 505
799 0 541 487
799 1 532 505
800 0 541 488
800 1 531 506
801 0 540 490
801 1 530 507
802 0 541 492
802 1 531 507
803 0 540 494
803 1 530 507
804 0 541 494
804 1 530 507
805 0 540 494
805 1 530 508
806 0 541 494
806 1 529 510
807 0 540 494
807 1 527 511
808 0 540 494
808 1 526 511
809 0 540 495
809 1 526 512
810 0 539 495
810 1 524 514
811 0 538 495
811 1 523 515
812 0 538 496
812 1 521 515
813 0 538 497
813 1 520 516
814 0 537 497
814 1 519 517
815 0 536 498
815 1 518 517
816 0 536 499
816 1 518 518
817 0 536 498
817 1 517 519
818 0 535 499
818 1 516 519
819 0 534 498
819 1 516 519
820 0 534 499
820 1 516 519
821 0 533 498
821 1 516 519
822 0 532 499
822 1 516 519
823 0 533 498
823 1 516 519
824 0 532 498
824 1 516 519
825 0 532 498
825 1 516 519
826 0 532 498
826 1 516 519
827 0 531 499
827 1 516 519
828 0 530 498
828 1 516 519
829 0 530 499
829 1 516 519
830 0 530 498
830 1 516 519
831 0 530 499
831 1 516 519
832 0 530 499
832 1 516 519
833 0 530 499
833 1 516 519
834 0 530 499
834 1 516 519
835 0 530 499
835 1 516 519
836 0 530 499
836 1 516 519
837 0 530 499
837 1 516 519
838 0 530 499
838 1 516 519
839 0 530 499
839 1 516 519
840 0 530 499
840 1 516 519
841 0 530 499
841 1 516 519
842 0 530 499
842 1 516 519
843 0 530 499
843 1 516 519
844 0 529 499
844 1 516 519
845 0 528 499
845 1 516 519
846 0 529 499
846 1 516 519
847 0 528 499
847 1 516 519
848 0 528 499
848 1 516 519
849 0 528 499
849 1 516 519
850 0 528 499
850 1 516 519
851 0 528 499
851 1 516 519
852 0 527 499
852 1 516 519
853 0 526 499
853 1 516 519
854 0 527 499
854 1 516 519
855 0 526 499
855 1 516 519
856 0 526 500
856 1 516 519
857 0 526 501
857 1 516 519
858 0 526 501
858 1 516 519
859 0 526 503
859 1 516 519
860 0 526 504
860 1 516 519
861 0 526 506
861 1 516 519
862 0 526 507
862 1 516 519
863 0 526 506
863 1 516 519
864 0 526 507
864 1 516 519
865 0 526 507
865 1 515 520
866 0 525 507
866 1 513 521
867 0 524 507
867 1 513 520
868 0 525 508
868 1 512 521
869 0 524 509
869 1 511 521
870 0 525 509
870 1 509 521
871 0 524 510
871 1 508 522
872 0 524 511
872 1 507 523
873 0 524 511
873 1 506 522
874 0 523 512
874 1 506 522
875 0 522 514
875 1 505 522
876 0 523 514
876 1 504 522
877 0 521 516
877 1 504 522
878 0 520 517
878 1 504 523
879 0 520 517
879 1 503 522
880 0 520 517
880 1 502 523
881 0 519 518
881 1 503 522
882 0 517 519
882 1 502 523
883 0 516 519
883 1 502 522
884 0 517 519
884 1 502 523
885 0 516 519
885 1 502 522
886 0 517 519
886 1 502 523
887 0 516 519
887 1 501 522
888 0 516 519
888 1 500 523
889 0 516 519
889 1 499 522
890 0 516 519
890 1 498 523
891 0 515 519
891 1 497 522
892 0 514 519
892 1 495 523
893 0 514 519
893 1 493 522
894 0 514 519
894 1 492 523
895 0 513 519
895 1 492 523
896 0 511 519
896 1 492 523
897 0 510 519
897 1 491 523
898 0 509 520
898 1 490 523
899 0 508 521
899 1 491 523
900 0 508 520
900 1 490 523
901 0 507 521
901 1 490 523
902 0 505 520
902 1 490 523
903 0 505 521
903 1 490 523
904 0 505 520
904 1 490 523
905 0 505 521
905 1 490 523
906 0 505 520
906 1 490 523
907 0 504 521
907 1 489 523
908 0 504 520
908 1 488 523
909 0 504 521
909 1 488 524
910 0 504 520
910 1 488 525
911 0 504 521
911 1 488 525
912 0 503 520
912 1 487 526
913 0 502 521
913 1 486 527
914 0 502 520
914 1 486 527
915 0 501 521
915 1 485 528
916 0 499 520
916 1 484 529
917 0 498 520
917 1 484 529
918 0 499 520
918 1 483 529
919 0 497 520
919 1 482 529
920 0 497 520
920 1 482 529
921 0 496 520
921 1 482 529
922 0 496 521
922 1 481 529
923 0 496 520
923 1 480 529
924 0 495 521
924 1 480 529
925 0 494 521
925 1 480 529
926 0 494 521
926 1 479 529
927 0 494 521
927 1 478 529
928 0 493 522
928 1 478 529
929 0 492 523
929 1 477 529
930 0 492 523
930 1 476 529
931 0 492 523
931 1 476 530
932 0 492 523
932 1 476 530
933 0 491 524
933 1 476 531
934 0 490 525
934 1 476 530
935 0 490 524
935 1 475 530
936 0 490 525
936 1 474 530
937 0 490 525
937 1 475 530
938 0 489 525
938 1 474 530
939 0 488 525
939 1 474 530
940 0 489 525
940 1 474 530
941 0 488 525
941 1 474 530
942 0 488 525
942 1 474 531
943 0 488 525
943 1 474 530
944 0 488 525
944 1 473 531
945 0 487 525
945 1 472 531
946 0 486 525
946 1 473 531
947 0 487 525
947 1 472 531
948 0 486 524
948 1 473 532
949 0 486 525
949 1 472 533
950 0 486 524
950 1 472 532
951 0 486 525
951 1 472 533
952 0 486 524
952 1 472 533
953 0 486 525
953 1 472 533
954 0 485 524
954 1 472 533
955 0 484 525
955 1 472 533
956 0 485 524
956 1 472 532
957 0 483 525
957 1 472 533
958 0 483 524
958 1 472 532
959 0 483 525
959 1 472 533
960 0 483 524
960 1 472 532
961 0 483 525
961 1 472 533
962 0 483 524
962 1 472 532
963 0 482 525
963 1 472 533
964 0 483 524
964 1 472 532
965 0 482 525
965 1 472 533
966 0 482 524
966 1 472 532
967 0 482 525
967 1 472 533
968 0 482 524
968 1 472 532
969 0 482 524
969 1 472 533
970 0 482 524
970 1 472 532
971 0 482 524
971 1 472 533
972 0 481 524
972 1 472 532
973 0 480 524
973 1 472 533
974 0 480 524
974 1 471 532
975 0 480 524
975 1 470 533
976 0 480 524
976 1 471 533
977 0 480 524
977 1 470 533
978 0 480 524
978 1 471 533
979 0 480 524
979 1 470 533
980 0 480 524
980 1 471 533
981 0 480 524
981 1 470 533
982 0 480 524
982 1 470 533
983 0 480 524
983 1 470 533
984 0 480 524
984 1 470 533
985 0 480 524
985 1 470 533
986 0 480 524
986 1 470 533
987 0 480 524
987 1 470 533
988 0 480 524
988 1 470 533
989 0 480 524
989 1 470 533
990 0 480 524
990 1 470 533
991 0 480 524
991 1 470 533
992 0 480 524
992 1 470 533
993 0 480 524
993 1 470 533
994 0 480 525
994 1 470 533
995 0 480 525
995 1 470 533
996 0 480 526
996 1 470 533
997 0 480 528
997 1 470 533
998 0 479 529
998 1 470 533
999 0 479 528
999 1 470 533
1000 0 478 530
1000 1 470 533
1001 0 479 530
1001 1 470 533
1002 0 478 531
1002 1 470 533
1003 0 479 530
1003 1 470 533
1004 0 479 531
1004 1 470 533
1005 0 479 530
1005 1 470 533
1006 0 479 531
1006 1 470 533
1007 0 479 530
1007 1 470 533
1008 0 479 531
1008 1 470 533
1009 0 478 531
1009 1 470 533
1010 0 479 532
1010 1 470 533
1011 0 478 533
1011 1 470 533
1012 0 479 533
1012 1 470 533
1013 0 478 533
1013 1 470 533
1014 0 479 533
1014 1 470 533
1015 0 478 533
1015 1 470 533
1016 0 478 533
1016 1 470 533
1017 0 478 534
1017 1 470 533
1018 0 478 535
1018 1 470 533
1019 0 478 534
1019 1 470 533
1020 0 478 535
1020 1 470 533
