FRAME   ID  X   Y (0 is Leader, 1 is Follower)
12288 0 671 366
12288 1 648 363
12289 0 671 366
12289 1 649 362
12290 0 671 366
12290 1 649 361
12291 0 671 366
12291 1 649 361
12292 0 671 366
12292 1 649 361
12293 0 671 366
12293 1 649 360
12294 0 671 366
12294 1 649 360
12295 0 671 366
12295 1 649 360
12296 0 671 366
12296 1 649 360
12297 0 671 366
12297 1 649 360
12298 0 671 366
12298 1 649 360
12299 0 671 366
12299 1 649 360
12300 0 671 366
12300 1 649 359
12301 0 671 366
12301 1 649 359
12302 0 671 366
12302 1 649 359
12303 0 671 366
12303 1 649 359
12304 0 671 366
12304 1 649 359
12305 0 671 366
12305 1 649 359
12306 0 671 366
12306 1 649 359
12307 0 671 366
12307 1 649 359
12308 0 671 366
12308 1 649 359
12309 0 671 366
12309 1 649 359
12310 0 671 366
12310 1 649 359
12311 0 671 366
12311 1 649 359
12312 0 672 366
12312 1 649 359
12313 0 672 366
12313 1 649 358
12314 0 672 366
12314 1 650 358
12315 0 672 366
12315 1 650 357
12316 0 673 366
12316 1 651 356
12317 0 673 366
12317 1 652 356
12318 0 673 366
12318 1 652 355
12319 0 674 366
12319 1 653 355
12320 0 675 366
12320 1 653 355
12321 0 675 366
12321 1 653 355
12322 0 675 366
12322 1 653 355
12323 0 676 366
12323 1 653 354
12324 0 677 366
12324 1 653 354
12325 0 678 366
12325 1 653 354
12326 0 678 366
12326 1 653 354
12327 0 680 367
12327 1 653 354
12328 0 680 367
12328 1 653 354
12329 0 681 367
12329 1 653 354
12330 0 681 367
12330 1 654 354
12331 0 682 368
12331 1 654 354
12332 0 682 368
12332 1 654 354
12333 0 682 368
12333 1 654 354
12334 0 682 368
12334 1 655 354
12335 0 682 368
12335 1 655 354
12336 0 682 368
12336 1 655 353
12337 0 682 368
12337 1 655 353
12338 0 682 368
12338 1 655 353
12339 0 682 368
12339 1 655 353
12340 0 683 368
12340 1 655 353
12341 0 683 368
12341 1 655 353
12342 0 683 368
12342 1 656 353
12343 0 683 368
12343 1 656 353
12344 0 683 368
12344 1 656 353
12345 0 683 368
12345 1 657 353
12346 0 684 368
12346 1 658 353
12347 0 684 368
12347 1 659 354
12348 0 684 368
12348 1 660 354
12349 0 684 368
12349 1 660 354
12350 0 684 368
12350 1 661 355
12351 0 684 368
12351 1 661 355
12352 0 684 368
12352 1 662 356
12353 0 684 368
12353 1 662 356
12354 0 684 368
12354 1 663 356
12355 0 684 368
12355 1 663 356
12356 0 684 368
12356 1 663 356
12357 0 684 368
12357 1 663 356
12358 0 684 368
12358 1 663 356
12359 0 684 368
12359 1 664 357
12360 0 684 368
12360 1 664 358
12361 0 684 369
12361 1 664 358
12362 0 684 369
12362 1 664 358
12363 0 684 369
12363 1 664 359
12364 0 684 370
12364 1 664 359
12365 0 684 371
12365 1 664 360
12366 0 684 371
12366 1 664 360
12367 0 684 372
12367 1 664 360
12368 0 684 373
12368 1 664 360
12369 0 684 373
12369 1 664 361
12370 0 684 374
12370 1 664 361
12371 0 684 375
12371 1 664 361
12372 0 684 375
12372 1 664 361
12373 0 684 375
12373 1 664 361
12374 0 683 375
12374 1 664 361
12375 0 683 375
12375 1 664 361
12376 0 683 375
12376 1 664 361
12377 0 682 376
12377 1 664 361
12378 0 682 376
12378 1 664 361
12379 0 682 376
12379 1 664 361
12380 0 681 377
12380 1 664 361
12381 0 681 378
12381 1 664 361
12382 0 681 378
12382 1 664 361
12383 0 681 379
12383 1 664 361
12384 0 681 380
12384 1 664 361
12385 0 680 381
12385 1 664 361
12386 0 680 381
12386 1 665 361
12387 0 680 381
12387 1 665 361
12388 0 680 382
12388 1 665 361
12389 0 680 382
12389 1 665 361
12390 0 680 382
12390 1 666 361
12391 0 680 382
12391 1 666 361
12392 0 680 383
12392 1 667 361
12393 0 680 383
12393 1 667 361
12394 0 680 384
12394 1 667 361
12395 0 680 384
12395 1 668 361
12396 0 680 384
12396 1 668 361
12397 0 680 384
12397 1 668 361
12398 0 680 384
12398 1 668 361
12399 0 680 384
12399 1 669 360
12400 0 680 384
12400 1 669 360
12401 0 680 384
12401 1 669 360
12402 0 680 384
12402 1 670 360
12403 0 680 384
12403 1 671 360
12404 0 680 384
12404 1 671 360
12405 0 680 384
12405 1 672 360
12406 0 680 384
12406 1 673 361
12407 0 680 385
12407 1 674 361
12408 0 680 385
12408 1 675 362
12409 0 680 385
12409 1 675 362
12410 0 680 386
12410 1 676 363
12411 0 680 386
12411 1 677 363
12412 0 680 387
12412 1 678 363
12413 0 680 388
12413 1 679 363
12414 0 680 389
12414 1 679 363
12415 0 681 390
12415 1 680 364
12416 0 681 391
12416 1 681 364
12417 0 681 391
12417 1 682 365
12418 0 681 391
12418 1 682 365
12419 0 681 391
12419 1 683 365
12420 0 681 391
12420 1 684 365
12421 0 681 391
12421 1 684 365
12422 0 681 391
12422 1 684 365
12423 0 681 391
12423 1 684 365
12424 0 682 392
12424 1 684 365
12425 0 682 392
12425 1 684 365
12426 0 682 392
12426 1 684 365
12427 0 682 392
12427 1 684 365
12428 0 682 392
12428 1 685 365
12429 0 682 392
12429 1 685 365
12430 0 682 392
12430 1 685 365
12431 0 683 393
12431 1 685 365
12432 0 683 393
12432 1 685 365
12433 0 683 393
12433 1 685 365
12434 0 683 393
12434 1 685 365
12435 0 683 393
12435 1 685 365
12436 0 684 394
12436 1 685 365
12437 0 685 395
12437 1 685 365
12438 0 685 395
12438 1 685 365
12439 0 685 395
12439 1 686 365
12440 0 685 395
12440 1 686 365
12441 0 686 396
12441 1 686 365
12442 0 686 396
12442 1 687 366
12443 0 686 396
12443 1 687 366
12444 0 686 396
12444 1 687 366
12445 0 686 396
12445 1 687 366
12446 0 686 396
12446 1 687 367
12447 0 686 396
12447 1 687 367
12448 0 686 396
12448 1 687 368
12449 0 686 396
12449 1 687 368
12450 0 686 396
12450 1 686 369
12451 0 686 396
12451 1 686 370
12452 0 686 396
12452 1 685 370
12453 0 686 396
12453 1 684 372
12454 0 686 396
12454 1 684 372
12455 0 686 396
12455 1 684 373
12456 0 686 396
12456 1 683 374
12457 0 686 396
12457 1 682 374
12458 0 687 396
12458 1 681 375
12459 0 687 396
12459 1 680 375
12460 0 687 396
12460 1 679 376
12461 0 688 396
12461 1 679 376
12462 0 689 396
12462 1 678 377
12463 0 690 397
12463 1 678 378
12464 0 690 397
12464 1 678 378
12465 0 691 397
12465 1 677 379
12466 0 692 397
12466 1 677 379
12467 0 692 397
12467 1 677 380
12468 0 693 397
12468 1 677 380
12469 0 693 397
12469 1 677 380
12470 0 694 397
12470 1 677 381
12471 0 694 397
12471 1 677 381
12472 0 694 397
12472 1 677 381
12473 0 695 397
12473 1 678 382
12474 0 695 397
12474 1 678 383
12475 0 695 397
12475 1 679 384
12476 0 695 397
12476 1 679 384
12477 0 695 398
12477 1 680 385
12478 0 695 398
12478 1 680 385
12479 0 704 401
12479 1 680 386
12480 0 705 401
12480 1 680 386
12481 0 705 401
12481 1 680 386
12482 0 706 402
12482 1 681 386
12483 0 706 402
12483 1 681 387
12484 0 707 402
12484 1 681 387
12485 0 708 403
12485 1 681 387
12486 0 708 403
12486 1 682 388
12487 0 709 403
12487 1 682 388
12488 0 709 403
12488 1 683 389
12489 0 710 403
12489 1 683 390
12490 0 711 403
12490 1 683 390
12491 0 711 403
12491 1 683 390
12492 0 712 404
12492 1 683 390
12493 0 713 404
12493 1 684 391
12494 0 713 404
12494 1 684 391
12495 0 714 403
12495 1 684 391
12496 0 714 403
12496 1 684 392
12497 0 715 403
12497 1 684 392
12498 0 715 403
12498 1 684 393
12499 0 716 403
12499 1 684 394
12500 0 716 402
12500 1 684 394
12501 0 717 402
12501 1 684 395
12502 0 717 402
12502 1 685 395
12503 0 718 401
12503 1 685 396
12504 0 719 401
12504 1 685 397
12505 0 719 401
12505 1 685 397
12506 0 719 401
12506 1 685 397
12507 0 719 401
12507 1 686 398
12508 0 720 401
12508 1 686 398
12509 0 721 400
12509 1 686 398
12510 0 721 400
12510 1 686 398
12511 0 722 399
12511 1 686 398
12512 0 722 399
12512 1 686 398
12513 0 722 399
12513 1 686 398
12514 0 723 398
12514 1 686 398
12515 0 723 398
12515 1 686 398
12516 0 723 397
12516 1 686 398
12517 0 723 397
12517 1 686 398
12518 0 724 396
12518 1 686 398
12519 0 724 396
12519 1 687 398
12520 0 724 396
12520 1 687 398
12521 0 724 396
12521 1 687 398
12522 0 724 396
12522 1 687 398
12523 0 724 396
12523 1 688 398
12524 0 724 396
12524 1 689 398
12525 0 724 396
12525 1 690 398
12526 0 724 396
12526 1 690 398
12527 0 724 395
12527 1 691 398
12528 0 724 395
12528 1 692 398
12529 0 724 395
12529 1 693 398
12530 0 724 395
12530 1 694 399
12531 0 725 394
12531 1 694 399
12532 0 725 393
12532 1 695 399
12533 0 725 393
12533 1 695 399
12534 0 726 392
12534 1 695 399
12535 0 726 392
12535 1 695 399
12536 0 727 391
12536 1 695 399
12537 0 728 390
12537 1 695 399
12538 0 728 390
12538 1 695 399
12539 0 728 389
12539 1 695 399
12540 0 728 389
12540 1 696 400
12541 0 729 388
12541 1 696 401
12542 0 729 388
12542 1 697 402
12543 0 729 388
12543 1 697 403
12544 0 729 387
12544 1 697 403
12545 0 729 387
12545 1 697 403
12546 0 729 387
12546 1 698 404
12547 0 729 387
12547 1 698 404
12548 0 729 387
12548 1 698 405
12549 0 729 387
12549 1 698 405
12550 0 729 386
12550 1 699 405
12551 0 729 386
12551 1 699 405
12552 0 729 386
12552 1 699 405
12553 0 729 386
12553 1 700 405
12554 0 729 386
12554 1 700 405
12555 0 729 386
12555 1 701 405
12556 0 730 386
12556 1 701 405
12557 0 730 386
12557 1 702 405
12558 0 730 386
12558 1 702 404
12559 0 731 385
12559 1 703 404
12560 0 731 385
12560 1 703 404
12561 0 732 384
12561 1 703 403
12562 0 733 384
12562 1 703 403
12563 0 734 383
12563 1 703 402
12564 0 735 383
12564 1 703 401
12565 0 736 382
12565 1 703 401
12566 0 736 382
12566 1 703 401
12567 0 737 382
12567 1 703 401
12568 0 737 382
12568 1 703 400
12569 0 737 382
12569 1 703 400
12570 0 738 382
12570 1 703 400
12571 0 738 382
12571 1 703 400
12572 0 738 382
12572 1 702 401
12573 0 738 382
12573 1 702 402
12574 0 738 382
12574 1 701 401
12575 0 738 382
12575 1 701 401
12576 0 738 382
12576 1 702 401
12577 0 738 382
12577 1 702 401
12578 0 738 382
12578 1 703 401
12579 0 739 382
12579 1 704 401
12580 0 739 382
12580 1 705 402
12581 0 739 382
12581 1 706 402
12582 0 740 382
12582 1 706 403
12583 0 741 383
12583 1 706 403
12584 0 741 383
12584 1 707 403
12585 0 742 383
12585 1 707 403
12586 0 742 383
12586 1 707 404
12587 0 743 383
12587 1 707 404
12588 0 743 383
12588 1 707 404
12589 0 743 383
12589 1 706 405
12590 0 743 383
12590 1 705 406
12591 0 743 383
12591 1 705 406
12592 0 743 382
12592 1 704 407
12593 0 743 382
12593 1 704 407
12594 0 743 382
12594 1 704 407
12595 0 743 382
12595 1 704 407
12596 0 743 382
12596 1 703 407
12597 0 743 381
12597 1 703 407
12598 0 743 381
12598 1 702 408
12599 0 743 380
12599 1 701 408
12600 0 743 380
12600 1 701 408
12601 0 744 379
12601 1 701 408
12602 0 744 378
12602 1 701 408
12603 0 744 377
12603 1 701 408
12604 0 744 377
12604 1 701 408
12605 0 744 377
12605 1 701 409
12606 0 743 376
12606 1 701 409
12607 0 743 376
12607 1 701 409
12608 0 743 376
12608 1 701 409
12609 0 743 375
12609 1 701 408
12610 0 743 375
12610 1 701 408
12611 0 743 375
12611 1 700 407
12612 0 743 375
12612 1 699 406
12613 0 743 375
12613 1 698 405
12614 0 743 375
12614 1 697 404
12615 0 743 375
12615 1 696 404
12616 0 743 375
12616 1 695 403
12617 0 743 375
12617 1 694 402
12618 0 743 375
12618 1 693 402
12619 0 743 375
12619 1 692 402
12620 0 743 375
12620 1 691 402
12621 0 743 375
12621 1 690 402
12622 0 743 375
12622 1 689 402
12623 0 743 375
12623 1 688 402
12624 0 743 375
12624 1 687 402
12625 0 743 375
12625 1 685 404
12626 0 743 375
12626 1 685 404
12627 0 743 375
12627 1 684 406
12628 0 743 375
12628 1 684 406
12629 0 743 375
12629 1 683 408
12630 0 743 375
12630 1 682 409
12631 0 744 375
12631 1 682 410
12632 0 744 375
12632 1 682 412
12633 0 745 375
12633 1 682 413
12634 0 745 375
12634 1 683 414
12635 0 745 376
12635 1 683 414
12636 0 745 376
12636 1 683 414
12637 0 745 376
12637 1 684 415
12638 0 746 376
12638 1 685 416
12639 0 746 377
12639 1 685 417
12640 0 746 377
12640 1 686 417
12641 0 746 378
12641 1 687 417
12642 0 746 378
12642 1 688 417
12643 0 746 378
12643 1 690 417
12644 0 747 378
12644 1 691 417
12645 0 747 378
12645 1 693 416
12646 0 747 378
12646 1 694 415
12647 0 748 378
12647 1 695 415
12648 0 748 378
12648 1 696 415
12649 0 749 378
12649 1 698 415
12650 0 749 378
12650 1 699 415
12651 0 750 378
12651 1 700 415
12652 0 751 378
12652 1 700 415
12653 0 752 378
12653 1 701 415
12654 0 753 378
12654 1 701 415
12655 0 754 378
12655 1 700 415
12656 0 755 379
12656 1 700 415
12657 0 756 379
12657 1 699 416
12658 0 756 379
12658 1 699 416
12659 0 756 379
12659 1 699 415
12660 0 757 379
12660 1 699 415
12661 0 757 379
12661 1 699 414
12662 0 757 379
12662 1 699 413
12663 0 757 379
12663 1 699 411
12664 0 757 379
12664 1 698 409
12665 0 757 379
12665 1 698 407
12666 0 757 379
12666 1 697 405
12667 0 758 379
12667 1 697 405
12668 0 758 379
12668 1 696 403
12669 0 758 380
12669 1 696 402
12670 0 758 380
12670 1 696 402
12671 0 758 380
12671 1 695 402
12672 0 759 380
12672 1 695 402
12673 0 759 380
12673 1 694 402
12674 0 760 381
12674 1 693 401
12675 0 761 381
12675 1 692 401
12676 0 761 381
12676 1 692 401
12677 0 761 381
12677 1 690 402
12678 0 761 382
12678 1 689 402
12679 0 762 382
12679 1 688 402
12680 0 762 382
12680 1 687 402
12681 0 762 382
12681 1 686 402
12682 0 762 382
12682 1 685 402
12683 0 763 383
12683 1 684 402
12684 0 764 383
12684 1 683 402
12685 0 764 383
12685 1 682 402
12686 0 765 384
12686 1 682 401
12687 0 765 384
12687 1 682 401
12688 0 766 385
12688 1 682 401
12689 0 766 385
12689 1 682 401
12690 0 766 385
12690 1 682 401
12691 0 766 385
12691 1 682 402
12692 0 767 385
12692 1 681 403
12693 0 767 386
12693 1 681 404
12694 0 768 386
12694 1 681 405
12695 0 768 386
12695 1 681 406
12696 0 769 386
12696 1 681 408
12697 0 769 386
12697 1 681 409
12698 0 770 387
12698 1 681 410
12699 0 770 387
12699 1 680 412
12700 0 770 387
12700 1 680 413
12701 0 770 387
12701 1 680 414
12702 0 770 387
12702 1 679 416
12703 0 770 387
12703 1 679 417
12704 0 770 387
12704 1 679 418
12705 0 771 387
12705 1 678 418
12706 0 771 387
12706 1 678 419
12707 0 771 387
12707 1 677 420
12708 0 771 387
12708 1 677 420
12709 0 771 387
12709 1 676 421
12710 0 771 387
12710 1 676 421
12711 0 771 387
12711 1 675 421
12712 0 771 387
12712 1 675 421
12713 0 771 387
12713 1 675 421
12714 0 771 387
12714 1 675 421
12715 0 772 387
12715 1 675 421
12716 0 772 387
12716 1 675 421
12717 0 772 387
12717 1 676 421
12718 0 773 387
12718 1 678 421
12719 0 774 387
12719 1 679 422
12720 0 774 387
12720 1 679 422
12721 0 775 387
12721 1 679 422
12722 0 776 387
12722 1 678 421
12723 0 776 387
12723 1 678 420
12724 0 777 387
12724 1 677 419
12725 0 777 387
12725 1 677 418
12726 0 777 387
12726 1 678 416
12727 0 777 387
12727 1 678 415
12728 0 778 386
12728 1 679 414
12729 0 778 386
12729 1 680 412
12730 0 778 386
12730 1 681 411
12731 0 779 385
12731 1 682 409
12732 0 779 385
12732 1 684 407
12733 0 779 385
12733 1 685 406
12734 0 779 385
12734 1 686 405
12735 0 780 384
12735 1 687 403
12736 0 780 384
12736 1 689 402
12737 0 780 384
12737 1 690 401
12738 0 780 384
12738 1 691 400
12739 0 780 384
12739 1 692 400
12740 0 780 384
12740 1 692 399
12741 0 780 384
12741 1 693 398
12742 0 780 384
12742 1 694 397
12743 0 780 384
12743 1 694 397
12744 0 780 384
12744 1 695 397
12745 0 780 384
12745 1 696 397
12746 0 780 384
12746 1 697 396
12747 0 780 384
12747 1 698 395
12748 0 780 384
12748 1 698 395
12749 0 780 384
12749 1 699 395
12750 0 780 384
12750 1 701 395
12751 0 780 384
12751 1 702 395
12752 0 780 384
12752 1 702 395
12753 0 780 384
12753 1 702 395
12754 0 780 384
12754 1 703 395
12755 0 780 384
12755 1 703 395
12756 0 780 384
12756 1 704 396
12757 0 780 384
12757 1 705 396
12758 0 780 384
12758 1 706 397
12759 0 780 384
12759 1 707 398
12760 0 781 383
12760 1 708 398
12761 0 781 383
12761 1 709 399
12762 0 782 382
12762 1 710 399
12763 0 782 382
12763 1 711 400
12764 0 782 381
12764 1 713 401
12765 0 782 381
12765 1 714 401
12766 0 782 380
12766 1 716 401
12767 0 782 380
12767 1 717 401
12768 0 782 379
12768 1 718 402
12769 0 782 379
12769 1 719 402
12770 0 782 379
12770 1 719 402
12771 0 782 379
12771 1 719 402
12772 0 782 379
12772 1 720 402
12773 0 782 379
12773 1 720 402
12774 0 782 379
12774 1 721 402
12775 0 782 379
12775 1 722 402
12776 0 782 379
12776 1 722 402
12777 0 782 378
12777 1 723 402
12778 0 782 377
12778 1 723 402
12779 0 783 377
12779 1 724 402
12780 0 783 376
12780 1 725 402
12781 0 783 375
12781 1 725 402
12782 0 784 374
12782 1 726 402
12783 0 784 374
12783 1 727 402
12784 0 785 373
12784 1 728 402
12785 0 785 373
12785 1 728 402
12786 0 785 372
12786 1 729 402
12787 0 785 372
12787 1 730 402
12788 0 785 372
12788 1 730 402
12789 0 785 371
12789 1 731 402
12790 0 785 371
12790 1 731 402
12791 0 785 371
12791 1 731 402
12792 0 785 371
12792 1 731 402
12793 0 785 371
12793 1 731 402
12794 0 786 371
12794 1 731 402
12795 0 786 371
12795 1 731 402
12796 0 786 371
12796 1 731 402
12797 0 787 371
12797 1 732 402
12798 0 788 370
12798 1 732 402
12799 0 788 370
12799 1 733 402
12800 0 788 370
12800 1 733 402
12801 0 788 370
12801 1 733 402
12802 0 789 369
12802 1 733 402
12803 0 789 369
12803 1 733 402
12804 0 790 368
12804 1 733 402
12805 0 790 368
12805 1 732 403
12806 0 791 367
12806 1 731 404
12807 0 791 367
12807 1 731 404
12808 0 792 366
12808 1 732 403
12809 0 792 365
12809 1 732 403
12810 0 792 365
12810 1 732 402
12811 0 792 364
12811 1 732 401
12812 0 792 363
12812 1 731 399
12813 0 793 361
12813 1 731 398
12814 0 793 360
12814 1 730 397
12815 0 794 359
12815 1 729 395
12816 0 794 358
12816 1 728 395
12817 0 795 357
12817 1 727 394
12818 0 796 355
12818 1 726 393
12819 0 796 355
12819 1 725 392
12820 0 797 355
12820 1 724 391
12821 0 798 354
12821 1 723 390
12822 0 798 354
12822 1 722 389
12823 0 799 354
12823 1 722 388
12824 0 799 355
12824 1 722 387
12825 0 799 355
12825 1 722 387
12826 0 815 357
12826 1 722 386
12827 0 815 357
12827 1 721 385
12828 0 815 357
12828 1 721 383
12829 0 815 357
12829 1 721 382
12830 0 816 356
12830 1 721 381
12831 0 816 356
12831 1 721 380
12832 0 816 356
12832 1 722 380
12833 0 816 356
12833 1 722 381
12834 0 816 356
12834 1 722 383
12835 0 816 356
12835 1 723 382
12836 0 816 356
12836 1 723 381
12837 0 816 356
12837 1 724 380
12838 0 816 356
12838 1 725 379
12839 0 816 356
12839 1 726 379
12840 0 816 356
12840 1 726 379
12841 0 817 356
12841 1 727 379
12842 0 817 356
12842 1 727 379
12843 0 817 356
12843 1 727 379
12844 0 817 356
12844 1 727 379
12845 0 817 356
12845 1 726 379
12846 0 817 356
12846 1 724 380
12847 0 817 356
12847 1 722 381
12848 0 817 356
12848 1 722 383
12849 0 818 357
12849 1 722 384
12850 0 818 357
12850 1 721 385
12851 0 818 357
12851 1 721 385
12852 0 818 358
12852 1 721 385
12853 0 818 358
12853 1 721 385
12854 0 818 358
12854 1 720 385
12855 0 818 358
12855 1 719 385
12856 0 818 358
12856 1 718 385
12857 0 818 358
12857 1 716 386
12858 0 818 358
12858 1 715 387
12859 0 818 359
12859 1 713 387
12860 0 818 359
12860 1 712 388
12861 0 818 359
12861 1 710 389
12862 0 818 359
12862 1 709 390
12863 0 818 359
12863 1 708 391
12864 0 818 359
12864 1 707 392
12865 0 818 359
12865 1 706 393
12866 0 818 359
12866 1 705 395
12867 0 818 359
12867 1 704 396
12868 0 818 359
12868 1 703 397
12869 0 818 359
12869 1 702 398
12870 0 818 359
12870 1 701 398
12871 0 818 359
12871 1 701 399
12872 0 818 359
12872 1 701 399
12873 0 818 359
12873 1 701 399
12874 0 818 359
12874 1 701 399
12875 0 818 359
12875 1 701 400
12876 0 818 360
12876 1 701 401
12877 0 818 360
12877 1 701 401
12878 0 818 360
12878 1 701 403
12879 0 818 360
12879 1 702 404
12880 0 818 360
12880 1 703 405
12881 0 819 360
12881 1 705 407
12882 0 819 360
12882 1 706 408
12883 0 820 360
12883 1 708 410
12884 0 821 361
12884 1 709 410
12885 0 821 361
12885 1 710 411
12886 0 822 362
12886 1 711 411
12887 0 822 362
12887 1 712 412
12888 0 823 363
12888 1 714 412
12889 0 824 364
12889 1 716 412
12890 0 824 364
12890 1 717 412
12891 0 825 365
12891 1 719 413
12892 0 825 365
12892 1 721 413
12893 0 826 366
12893 1 723 413
12894 0 827 367
12894 1 724 414
12895 0 828 368
12895 1 725 414
12896 0 828 368
12896 1 726 415
12897 0 829 369
12897 1 727 416
12898 0 829 369
12898 1 727 416
12899 0 830 370
12899 1 728 417
12900 0 830 370
12900 1 729 418
12901 0 830 370
12901 1 730 420
12902 0 830 370
12902 1 730 422
12903 0 830 370
12903 1 731 423
12904 0 831 370
12904 1 731 424
12905 0 831 370
12905 1 731 425
12906 0 831 370
12906 1 732 426
12907 0 831 370
12907 1 733 428
12908 0 831 370
12908 1 733 429
12909 0 832 370
12909 1 733 429
12910 0 832 370
12910 1 734 430
12911 0 832 370
12911 1 734 431
12912 0 832 370
12912 1 734 433
12913 0 833 370
12913 1 734 434
12914 0 833 370
12914 1 733 436
12915 0 833 370
12915 1 733 437
12916 0 833 370
12916 1 733 438
12917 0 833 370
12917 1 733 438
12918 0 834 370
12918 1 732 440
12919 0 834 370
12919 1 732 441
12920 0 835 370
12920 1 732 442
12921 0 836 370
12921 1 732 443
12922 0 836 370
12922 1 732 443
12923 0 837 370
12923 1 731 444
12924 0 837 371
12924 1 731 445
12925 0 838 371
12925 1 730 446
12926 0 839 371
12926 1 729 447
12927 0 840 371
12927 1 728 448
12928 0 841 371
12928 1 727 449
12929 0 842 371
12929 1 726 451
12930 0 842 371
12930 1 726 451
12931 0 843 371
12931 1 725 452
12932 0 843 371
12932 1 724 453
12933 0 844 371
12933 1 724 453
12934 0 844 371
12934 1 723 454
12935 0 844 371
12935 1 723 455
12936 0 845 371
12936 1 722 455
12937 0 845 371
12937 1 722 455
12938 0 846 371
12938 1 721 455
12939 0 846 371
12939 1 720 455
12940 0 847 371
12940 1 719 455
12941 0 847 371
12941 1 718 454
12942 0 848 370
12942 1 717 453
12943 0 848 370
12943 1 715 453
12944 0 848 370
12944 1 714 452
12945 0 848 370
12945 1 713 452
12946 0 848 370
12946 1 712 451
12947 0 848 370
12947 1 711 450
12948 0 848 370
12948 1 710 449
12949 0 848 370
12949 1 709 448
12950 0 848 370
12950 1 709 446
12951 0 848 370
12951 1 708 444
12952 0 848 370
12952 1 708 442
12953 0 848 370
12953 1 707 441
12954 0 848 370
12954 1 707 439
12955 0 848 370
12955 1 706 438
12956 0 848 370
12956 1 705 436
12957 0 848 370
12957 1 705 435
12958 0 848 370
12958 1 704 434
12959 0 848 370
12959 1 703 433
12960 0 848 370
12960 1 703 432
12961 0 848 370
12961 1 702 430
12962 0 848 370
12962 1 701 429
12963 0 848 370
12963 1 701 428
12964 0 848 370
12964 1 700 426
12965 0 848 370
12965 1 700 425
12966 0 848 370
12966 1 700 424
12967 0 848 370
12967 1 699 422
12968 0 848 370
12968 1 699 421
12969 0 848 370
12969 1 699 420
12970 0 848 370
12970 1 699 420
12971 0 848 370
12971 1 699 419
12972 0 848 370
12972 1 699 419
12973 0 848 370
12973 1 699 419
12974 0 848 370
12974 1 699 419
12975 0 848 370
12975 1 699 419
12976 0 848 370
12976 1 698 419
12977 0 848 370
12977 1 698 419
12978 0 849 370
12978 1 698 419
12979 0 849 370
12979 1 697 418
12980 0 849 370
12980 1 696 418
12981 0 850 369
12981 1 695 417
12982 0 850 369
12982 1 695 417
12983 0 851 369
12983 1 695 417
12984 0 852 368
12984 1 694 416
12985 0 853 367
12985 1 693 415
12986 0 853 366
12986 1 692 414
12987 0 854 366
12987 1 692 413
12988 0 854 365
12988 1 692 412
12989 0 854 364
12989 1 692 411
12990 0 855 364
12990 1 692 410
12991 0 855 364
12991 1 692 410
12992 0 856 363
12992 1 692 409
12993 0 856 363
12993 1 692 409
12994 0 856 363
12994 1 692 409
12995 0 857 362
12995 1 692 408
12996 0 858 362
12996 1 692 407
12997 0 858 362
12997 1 693 406
12998 0 859 361
12998 1 694 405
12999 0 859 361
12999 1 694 404
13000 0 860 361
13000 1 695 402
13001 0 860 361
13001 1 695 401
13002 0 860 361
13002 1 696 399
13003 0 860 361
13003 1 696 397
13004 0 861 360
13004 1 696 396
13005 0 861 360
13005 1 697 394
13006 0 862 360
13006 1 697 393
13007 0 863 360
13007 1 698 391
13008 0 864 360
13008 1 699 390
13009 0 865 360
13009 1 700 389
13010 0 866 360
13010 1 701 388
13011 0 866 360
13011 1 702 387
13012 0 866 360
13012 1 703 386
13013 0 867 360
13013 1 703 386
13014 0 868 360
13014 1 704 385
13015 0 868 361
13015 1 704 385
13016 0 868 361
13016 1 703 386
13017 0 869 361
13017 1 703 387
13018 0 869 361
13018 1 702 387
13019 0 869 361
13019 1 702 388
13020 0 869 361
13020 1 702 388
13021 0 869 361
13021 1 702 388
13022 0 869 361
13022 1 701 387
13023 0 869 361
13023 1 701 387
13024 0 869 361
13024 1 700 386
13025 0 869 361
13025 1 700 386
13026 0 869 361
13026 1 699 385
13027 0 870 362
13027 1 698 385
13028 0 870 362
13028 1 697 385
13029 0 870 362
13029 1 696 385
13030 0 871 362
13030 1 695 385
13031 0 872 363
13031 1 693 385
13032 0 873 363
13032 1 692 385
13033 0 873 363
13033 1 690 385
13034 0 874 363
13034 1 689 385
13035 0 876 364
13035 1 688 385
13036 0 877 364
13036 1 687 386
13037 0 877 364
13037 1 686 387
13038 0 878 365
13038 1 685 388
13039 0 879 365
13039 1 684 389
13040 0 880 365
13040 1 683 390
13041 0 880 365
13041 1 682 391
13042 0 881 365
13042 1 682 392
13043 0 881 365
13043 1 681 393
13044 0 881 365
13044 1 681 395
13045 0 881 365
13045 1 680 397
13046 0 881 365
13046 1 680 399
13047 0 881 365
13047 1 681 401
13048 0 882 366
13048 1 681 402
13049 0 882 366
13049 1 682 404
13050 0 882 366
13050 1 682 404
13051 0 883 366
13051 1 683 406
13052 0 884 367
13052 1 684 407
13053 0 885 368
13053 1 685 408
13054 0 885 368
13054 1 686 410
13055 0 886 369
13055 1 687 412
13056 0 886 369
13056 1 688 413
13057 0 887 369
13057 1 688 414
13058 0 887 370
13058 1 689 416
13059 0 887 370
13059 1 689 418
13060 0 888 370
13060 1 689 419
13061 0 888 370
13061 1 690 420
13062 0 888 371
13062 1 689 422
13063 0 889 371
13063 1 689 423
13064 0 890 371
13064 1 689 424
13065 0 891 371
13065 1 688 426
13066 0 892 371
13066 1 687 427
13067 0 893 371
13067 1 686 428
13068 0 894 371
13068 1 685 429
13069 0 895 371
13069 1 684 430
13070 0 896 371
13070 1 683 431
13071 0 897 370
13071 1 682 432
13072 0 897 370
13072 1 681 433
13073 0 898 370
13073 1 679 434
13074 0 898 370
13074 1 677 435
13075 0 899 370
13075 1 675 436
13076 0 899 370
13076 1 674 437
13077 0 900 370
13077 1 673 437
13078 0 900 370
13078 1 671 437
13079 0 900 370
13079 1 669 437
13080 0 900 370
13080 1 668 437
13081 0 900 370
13081 1 666 437
13082 0 900 370
13082 1 664 437
13083 0 900 370
13083 1 663 437
13084 0 900 370
13084 1 662 436
13085 0 900 370
13085 1 661 435
13086 0 900 370
13086 1 660 435
13087 0 900 370
13087 1 659 434
13088 0 900 370
13088 1 659 433
13089 0 900 370
13089 1 658 432
13090 0 900 370
13090 1 657 430
13091 0 900 370
13091 1 656 429
13092 0 900 370
13092 1 655 428
13093 0 900 370
13093 1 654 428
13094 0 900 370
13094 1 652 427
13095 0 900 370
13095 1 651 426
13096 0 900 370
13096 1 650 426
13097 0 900 370
13097 1 648 426
13098 0 900 370
13098 1 647 426
13099 0 900 370
13099 1 646 426
13100 0 900 370
13100 1 644 426
13101 0 900 370
13101 1 643 426
13102 0 900 370
13102 1 642 427
13103 0 900 370
13103 1 641 428
13104 0 901 370
13104 1 639 429
13105 0 901 370
13105 1 638 430
13106 0 901 370
13106 1 636 431
13107 0 901 370
13107 1 635 432
13108 0 901 370
13108 1 633 433
13109 0 901 370
13109 1 632 434
13110 0 901 370
13110 1 631 434
13111 0 901 370
13111 1 631 435
13112 0 901 370
13112 1 631 435
13113 0 901 370
13113 1 631 435
13114 0 902 370
13114 1 631 435
13115 0 902 370
13115 1 631 435
13116 0 902 370
13116 1 631 435
13117 0 902 370
13117 1 632 435
13118 0 902 370
13118 1 633 435
13119 0 902 369
13119 1 633 435
13120 0 902 369
13120 1 633 435
13121 0 902 369
13121 1 632 435
13122 0 902 369
13122 1 632 435
13123 0 902 369
13123 1 631 435
13124 0 902 369
13124 1 630 434
13125 0 902 369
13125 1 630 434
13126 0 902 369
13126 1 629 433
13127 0 902 369
13127 1 628 431
13128 0 902 369
13128 1 628 430
13129 0 902 369
13129 1 628 428
13130 0 902 369
13130 1 628 426
13131 0 902 369
13131 1 628 424
13132 0 902 369
13132 1 629 422
13133 0 902 369
13133 1 629 420
13134 0 902 369
13134 1 629 418
13135 0 902 369
13135 1 630 416
13136 0 902 369
13136 1 630 414
13137 0 902 369
13137 1 630 412
13138 0 902 369
13138 1 631 410
13139 0 902 369
13139 1 631 408
13140 0 902 369
13140 1 632 406
13141 0 902 369
13141 1 633 404
13142 0 902 369
13142 1 634 402
13143 0 902 369
13143 1 635 400
13144 0 902 369
13144 1 636 398
13145 0 902 369
13145 1 637 397
13146 0 902 369
13146 1 637 397
13147 0 902 369
13147 1 637 397
13148 0 902 369
13148 1 637 397
13149 0 902 369
13149 1 637 397
13150 0 902 369
13150 1 636 397
13151 0 902 369
13151 1 636 397
13152 0 902 369
13152 1 636 397
13153 0 902 369
13153 1 636 397
13154 0 902 369
13154 1 636 397
13155 0 902 369
13155 1 636 397
13156 0 902 369
13156 1 636 397
13157 0 902 369
13157 1 636 397
13158 0 902 369
13158 1 636 397
13159 0 902 369
13159 1 636 397
13160 0 902 369
13160 1 636 397
13161 0 902 369
13161 1 636 397
13162 0 902 369
13162 1 636 397
13163 0 902 369
13163 1 636 397
13164 0 902 369
13164 1 636 397
13165 0 902 369
13165 1 636 397
13166 0 902 369
13166 1 636 397
13167 0 902 369
13167 1 636 397
13168 0 902 369
13168 1 636 397
13169 0 902 369
13169 1 636 397
13170 0 902 369
13170 1 635 397
13171 0 902 369
13171 1 635 397
13172 0 902 369
13172 1 635 397
13173 0 902 369
13173 1 635 397
13174 0 902 369
13174 1 635 397
13175 0 902 369
13175 1 634 397
12074 0 615 321
12074 1 608 334
12075 0 615 321
12075 1 608 334
12076 0 615 322
12076 1 608 334
12077 0 616 322
12077 1 608 334
12078 0 616 323
12078 1 608 334
12079 0 617 323
12079 1 608 334
12080 0 618 323
12080 1 608 334
12081 0 618 323
12081 1 608 334
12082 0 618 323
12082 1 608 334
12083 0 619 324
12083 1 608 334
12084 0 620 324
12084 1 608 334
12085 0 621 325
12085 1 608 334
12086 0 622 325
12086 1 608 334
12087 0 622 325
12087 1 608 334
12088 0 622 325
12088 1 609 334
12089 0 623 325
12089 1 609 333
12090 0 623 325
12090 1 609 333
12091 0 624 325
12091 1 610 332
12092 0 625 326
12092 1 610 332
12093 0 626 326
12093 1 610 332
12094 0 627 327
12094 1 611 331
12095 0 628 327
12095 1 611 331
12096 0 628 327
12096 1 611 331
12097 0 629 327
12097 1 612 330
12098 0 629 327
12098 1 612 329
12099 0 629 327
12099 1 613 328
12100 0 630 327
12100 1 613 328
12101 0 631 328
12101 1 613 327
12102 0 631 328
12102 1 614 326
12103 0 632 328
12103 1 614 326
12104 0 632 328
12104 1 614 326
12105 0 633 328
12105 1 614 325
12106 0 633 328
12106 1 614 325
12107 0 634 329
12107 1 614 325
12108 0 634 329
12108 1 614 325
12109 0 635 329
12109 1 614 324
12110 0 635 329
12110 1 614 324
12111 0 635 328
12111 1 614 324
12112 0 635 328
12112 1 614 324
12113 0 635 328
12113 1 615 324
12114 0 635 328
12114 1 615 324
12115 0 635 328
12115 1 615 324
12116 0 636 328
12116 1 615 324
12117 0 636 328
12117 1 615 324
12118 0 636 328
12118 1 615 324
12119 0 636 328
12119 1 616 323
12120 0 636 328
12120 1 616 323
12121 0 636 328
12121 1 617 323
12122 0 636 328
12122 1 617 323
12123 0 636 328
12123 1 617 323
12124 0 636 328
12124 1 618 323
12125 0 636 328
12125 1 618 323
12126 0 636 328
12126 1 619 324
12127 0 636 328
12127 1 619 324
12128 0 636 328
12128 1 620 325
12129 0 636 328
12129 1 620 325
12130 0 636 328
12130 1 621 325
12131 0 636 329
12131 1 621 325
12132 0 636 329
12132 1 621 325
12133 0 636 329
12133 1 621 325
12134 0 636 329
12134 1 622 326
12135 0 636 330
12135 1 622 326
12136 0 636 330
12136 1 622 326
12137 0 636 331
12137 1 622 326
12138 0 636 331
12138 1 622 326
12139 0 636 332
12139 1 622 326
12140 0 636 332
12140 1 622 326
12141 0 636 332
12141 1 622 326
12142 0 637 333
12142 1 622 326
12143 0 637 333
12143 1 622 326
12144 0 638 334
12144 1 622 326
12145 0 639 335
12145 1 623 327
12146 0 639 335
12146 1 623 327
12147 0 640 336
12147 1 623 327
12148 0 641 337
12148 1 624 327
12149 0 641 337
12149 1 625 327
12150 0 641 337
12150 1 626 327
12151 0 642 338
12151 1 626 327
12152 0 642 338
12152 1 627 327
12153 0 642 338
12153 1 628 327
12154 0 642 338
12154 1 629 327
12155 0 642 338
12155 1 630 327
12156 0 642 338
12156 1 630 327
12157 0 642 339
12157 1 631 327
12158 0 642 339
12158 1 631 327
12159 0 642 340
12159 1 631 327
12160 0 642 341
12160 1 632 327
12161 0 642 341
12161 1 632 327
12162 0 642 342
12162 1 632 327
12163 0 643 343
12163 1 633 327
12164 0 643 344
12164 1 633 327
12165 0 643 345
12165 1 634 327
12166 0 644 345
12166 1 635 327
12167 0 644 346
12167 1 635 327
12168 0 644 346
12168 1 635 327
12169 0 644 346
12169 1 636 328
12170 0 644 347
12170 1 636 328
12171 0 644 347
12171 1 636 329
12172 0 644 348
12172 1 636 329
12173 0 644 348
12173 1 637 330
12174 0 644 349
12174 1 637 330
12175 0 644 349
12175 1 637 331
12176 0 644 349
12176 1 638 332
12177 0 644 350
12177 1 638 333
12178 0 644 350
12178 1 638 333
12179 0 644 350
12179 1 638 333
12180 0 645 351
12180 1 639 334
12181 0 645 351
12181 1 639 334
12182 0 645 352
12182 1 639 334
12183 0 645 353
12183 1 640 335
12184 0 645 353
12184 1 640 335
12185 0 646 354
12185 1 640 335
12186 0 646 355
12186 1 640 335
12187 0 646 356
12187 1 641 336
12188 0 646 357
12188 1 641 336
12189 0 646 357
12189 1 641 337
12190 0 646 357
12190 1 642 338
12191 0 646 357
12191 1 642 338
12192 0 646 357
12192 1 642 339
12193 0 647 358
12193 1 643 339
12194 0 647 358
12194 1 643 339
12195 0 647 359
12195 1 643 340
12196 0 647 359
12196 1 643 340
12197 0 647 359
12197 1 643 341
12198 0 648 360
12198 1 643 342
12199 0 648 360
12199 1 643 342
12200 0 649 361
12200 1 643 343
12201 0 649 362
12201 1 643 344
12202 0 650 362
12202 1 643 344
12203 0 651 363
12203 1 643 345
12204 0 651 363
12204 1 643 346
12205 0 652 363
12205 1 643 346
12206 0 653 363
12206 1 644 348
12207 0 654 363
12207 1 644 349
12208 0 654 363
12208 1 644 349
12209 0 655 363
12209 1 644 349
12210 0 656 363
12210 1 645 350
12211 0 656 363
12211 1 645 351
12212 0 657 363
12212 1 645 351
12213 0 658 363
12213 1 646 352
12214 0 658 363
12214 1 646 352
12215 0 659 363
12215 1 647 353
12216 0 659 363
12216 1 647 353
12217 0 660 363
12217 1 647 353
12218 0 660 363
12218 1 647 354
12219 0 661 362
12219 1 647 354
12220 0 662 362
12220 1 647 354
12221 0 662 362
12221 1 647 355
12222 0 663 362
12222 1 648 356
12223 0 664 362
12223 1 648 356
12224 0 665 361
12224 1 648 357
12225 0 665 361
12225 1 648 357
12226 0 666 361
12226 1 648 357
12227 0 667 362
12227 1 648 357
12228 0 667 362
12228 1 648 357
12229 0 668 362
12229 1 648 357
12230 0 668 362
12230 1 648 357
12231 0 669 362
12231 1 648 357
12232 0 669 362
12232 1 648 357
12233 0 669 362
12233 1 648 357
12234 0 669 362
12234 1 648 357
12235 0 669 362
12235 1 648 357
12236 0 669 362
12236 1 648 357
12237 0 669 362
12237 1 648 357
12238 0 670 363
12238 1 648 357
12239 0 670 363
12239 1 648 357
12240 0 670 364
12240 1 649 357
12241 0 670 364
12241 1 649 357
12242 0 670 364
12242 1 649 357
12243 0 671 364
12243 1 650 357
12244 0 671 365
12244 1 650 357
12245 0 671 365
12245 1 650 358
12246 0 671 365
12246 1 650 358
12247 0 671 366
12247 1 650 358
12248 0 671 366
12248 1 650 359
12249 0 671 366
12249 1 650 360
12250 0 671 366
12250 1 649 360
12251 0 671 366
12251 1 649 360
12252 0 671 366
12252 1 648 361
12253 0 671 366
12253 1 648 361
12254 0 671 366
12254 1 647 362
12255 0 671 366
12255 1 647 363
12256 0 671 366
12256 1 647 363
12257 0 671 366
12257 1 646 364
12258 0 671 366
12258 1 646 365
12259 0 671 366
12259 1 646 365
12260 0 671 366
12260 1 646 365
12261 0 671 366
12261 1 646 365
12262 0 671 366
12262 1 646 365
12263 0 671 366
12263 1 646 366
12264 0 671 366
12264 1 646 366
12265 0 671 366
12265 1 646 366
12266 0 671 366
12266 1 646 366
12267 0 671 366
12267 1 646 366
12268 0 671 366
12268 1 646 366
12269 0 671 366
12269 1 646 366
12270 0 671 366
12270 1 646 366
12271 0 671 366
12271 1 646 366
12272 0 671 366
12272 1 646 366
12273 0 671 366
12273 1 646 366
12274 0 671 366
12274 1 646 366
12275 0 671 366
12275 1 647 365
12276 0 671 366
12276 1 647 365
12277 0 671 366
12277 1 647 365
12278 0 671 366
12278 1 647 365
12279 0 671 366
12279 1 647 365
12280 0 671 366
12280 1 647 365
12281 0 671 366
12281 1 647 365
12282 0 671 366
12282 1 647 365
12283 0 671 366
12283 1 647 365
12284 0 671 366
12284 1 647 365
12285 0 671 366
12285 1 647 365
12286 0 671 366
12286 1 648 364
12287 0 671 366
12287 1 648 363
