FRAME   ID  X   Y (0 is Leader, 1 is Follower)
2048 0 1006 425
2048 1 999 438
2049 0 1006 425
2049 1 999 438
2050 0 1006 425
2050 1 999 438
2051 0 1006 425
2051 1 999 438
2052 0 1006 425
2052 1 999 438
2053 0 1006 425
2053 1 999 438
2054 0 1006 425
2054 1 999 438
2055 0 1006 425
2055 1 999 438
2056 0 1006 425
2056 1 1000 437
2057 0 1005 426
2057 1 1000 437
2058 0 1005 426
2058 1 1000 437
2059 0 1005 426
2059 1 1000 437
2060 0 1005 426
2060 1 1001 437
2061 0 1005 426
2061 1 1001 437
2062 0 1005 426
2062 1 1001 437
2063 0 1005 425
2063 1 1001 436
2064 0 1005 424
2064 1 1001 436
2065 0 1005 423
2065 1 1002 435
2066 0 1005 422
2066 1 1002 434
2067 0 1005 422
2067 1 1002 433
2068 0 1005 422
2068 1 1002 432
2069 0 1006 420
2069 1 1002 431
2070 0 1006 420
2070 1 1002 430
2071 0 1006 418
2071 1 1003 429
2072 0 1006 418
2072 1 1003 429
2073 0 1006 417
2073 1 1003 428
2074 0 1005 416
2074 1 1003 427
2075 0 1005 415
2075 1 1003 426
2076 0 1005 414
2076 1 1003 425
2077 0 1004 413
2077 1 1003 424
2078 0 1004 412
2078 1 1003 423
2079 0 1004 411
2079 1 1003 422
2080 0 1004 410
2080 1 1003 421
2081 0 1005 409
2081 1 1003 420
2082 0 1005 409
2082 1 1003 420
2083 0 1005 409
2083 1 1003 420
2084 0 1005 408
2084 1 1003 419
2085 0 1005 408
2085 1 1003 418
2086 0 1006 407
2086 1 1003 418
2087 0 1006 407
2087 1 1003 418
2088 0 1007 407
2088 1 1002 418
2089 0 1007 407
2089 1 1003 417
2090 0 1007 407
2090 1 1002 417
2091 0 1008 407
2091 1 1002 417
2092 0 1009 407
2092 1 1002 416
2093 0 1010 406
2093 1 1003 415
2094 0 1011 405
2094 1 1004 414
2095 0 1011 404
2095 1 1005 413
2096 0 1012 403
2096 1 1006 412
2097 0 1014 402
2097 1 1007 411
2098 0 1015 401
2098 1 1008 409
2099 0 1016 401
2099 1 1009 409
2100 0 1017 401
2100 1 1010 408
2101 0 1018 401
2101 1 1011 407
2102 0 1019 401
2102 1 1012 406
2103 0 1020 401
2103 1 1012 406
2104 0 1020 401
2104 1 1013 406
2105 0 1021 402
2105 1 1013 406
2106 0 1021 402
2106 1 1013 406
2107 0 1021 402
2107 1 1013 406
2108 0 1021 402
2108 1 1013 406
2109 0 1021 402
2109 1 1013 406
2110 0 1021 403
2110 1 1013 406
2111 0 1020 403
2111 1 1013 406
2112 0 1020 404
2112 1 1013 406
2113 0 1020 405
2113 1 1014 406
2114 0 1020 405
2114 1 1014 406
2115 0 1020 406
2115 1 1015 406
2116 0 1020 406
2116 1 1015 406
2117 0 1021 407
2117 1 1016 407
2118 0 1021 407
2118 1 1016 407
2119 0 1021 408
2119 1 1017 408
2120 0 1022 409
2120 1 1018 409
2121 0 1023 410
2121 1 1018 409
2122 0 1024 410
2122 1 1019 410
2123 0 1025 411
2123 1 1020 411
2124 0 1026 412
2124 1 1020 412
2125 0 1027 413
2125 1 1021 413
2126 0 1028 414
2126 1 1022 414
2127 0 1029 414
2127 1 1023 414
2128 0 1030 414
2128 1 1024 415
2129 0 1031 415
2129 1 1024 415
2130 0 1032 416
2130 1 1025 416
2131 0 1032 417
2131 1 1026 417
2132 0 1033 418
2132 1 1028 418
2133 0 1034 419
2133 1 1029 419
2134 0 1034 419
2134 1 1029 420
2135 0 1034 420
2135 1 1029 420
2136 0 1034 420
2136 1 1029 420
2137 0 1034 420
2137 1 1030 421
1461 0 872 497
1461 1 856 507
1462 0 873 497
1462 1 856 507
1463 0 873 497
1463 1 856 506
1464 0 873 497
1464 1 857 505
1465 0 873 497
1465 1 857 504
1466 0 873 498
1466 1 858 503
1467 0 873 498
1467 1 858 502
1468 0 873 498
1468 1 859 501
1469 0 873 498
1469 1 859 501
1470 0 873 498
1470 1 859 500
1471 0 873 499
1471 1 859 500
1472 0 874 500
1472 1 860 500
1473 0 875 501
1473 1 860 499
1474 0 875 502
1474 1 860 499
1475 0 876 503
1475 1 861 499
1476 0 876 504
1476 1 861 499
1477 0 876 505
1477 1 861 498
1478 0 876 506
1478 1 862 498
1479 0 877 507
1479 1 863 497
1480 0 877 508
1480 1 864 496
1481 0 877 508
1481 1 865 496
1482 0 877 508
1482 1 866 496
1483 0 877 508
1483 1 866 496
1484 0 877 509
1484 1 866 496
1485 0 877 509
1485 1 866 496
1486 0 877 510
1486 1 866 496
1487 0 878 511
1487 1 866 496
1488 0 878 512
1488 1 866 496
1489 0 879 513
1489 1 866 496
1490 0 879 514
1490 1 867 496
1491 0 879 514
1491 1 867 496
1492 0 879 514
1492 1 868 496
1493 0 879 514
1493 1 869 496
1494 0 879 514
1494 1 870 496
1495 0 879 514
1495 1 871 496
1496 0 879 514
1496 1 872 496
1497 0 879 514
1497 1 873 496
1498 0 879 515
1498 1 873 496
1499 0 879 515
1499 1 874 497
1500 0 879 515
1500 1 874 497
1501 0 879 516
1501 1 874 497
1502 0 879 516
1502 1 875 497
1503 0 880 518
1503 1 875 497
1504 0 880 519
1504 1 875 497
1505 0 880 520
1505 1 875 497
1506 0 880 521
1506 1 876 498
1507 0 880 522
1507 1 876 498
1508 0 879 523
1508 1 876 499
1509 0 879 523
1509 1 877 500
1510 0 879 524
1510 1 878 501
1511 0 879 524
1511 1 878 502
1512 0 880 525
1512 1 879 503
1513 0 880 526
1513 1 880 504
1514 0 880 526
1514 1 880 504
1515 0 880 526
1515 1 881 505
1516 0 881 528
1516 1 881 505
1517 0 881 528
1517 1 881 506
1518 0 881 528
1518 1 882 507
1519 0 881 528
1519 1 882 508
1520 0 881 529
1520 1 882 508
1521 0 881 530
1521 1 883 509
1522 0 881 531
1522 1 883 510
1523 0 881 532
1523 1 883 511
1524 0 881 533
1524 1 883 511
1525 0 881 534
1525 1 883 511
1526 0 881 535
1526 1 883 512
1527 0 880 536
1527 1 883 512
1528 0 880 537
1528 1 883 513
1529 0 880 538
1529 1 883 514
1530 0 880 538
1530 1 883 515
1531 0 880 538
1531 1 883 516
1532 0 880 539
1532 1 883 517
1533 0 880 540
1533 1 883 518
1534 0 880 540
1534 1 883 519
1535 0 881 540
1535 1 883 519
1536 0 882 540
1536 1 884 521
1537 0 882 540
1537 1 884 521
1538 0 883 540
1538 1 884 522
1539 0 882 539
1539 1 884 522
1540 0 882 539
1540 1 884 522
1541 0 883 539
1541 1 885 523
1542 0 884 540
1542 1 885 523
1543 0 884 540
1543 1 885 523
1544 0 884 540
1544 1 885 524
1545 0 884 540
1545 1 885 524
1546 0 884 540
1546 1 885 524
1547 0 885 540
1547 1 886 525
1548 0 885 540
1548 1 886 525
1549 0 885 540
1549 1 886 525
1550 0 886 540
1550 1 886 525
1551 0 888 539
1551 1 886 525
1552 0 888 539
1552 1 886 526
1553 0 890 537
1553 1 886 526
1554 0 890 535
1554 1 886 526
1555 0 891 534
1555 1 886 526
1556 0 891 534
1556 1 886 526
1557 0 891 534
1557 1 886 526
1558 0 891 534
1558 1 886 527
1559 0 891 534
1559 1 886 528
1560 0 891 534
1560 1 886 528
1561 0 891 534
1561 1 886 529
1562 0 891 533
1562 1 886 530
1563 0 891 532
1563 1 886 531
1564 0 891 532
1564 1 886 532
1565 0 891 531
1565 1 886 533
1566 0 891 531
1566 1 886 534
1567 0 891 531
1567 1 886 534
1568 0 891 531
1568 1 886 534
1569 0 891 531
1569 1 886 535
1570 0 891 531
1570 1 886 535
1571 0 891 531
1571 1 886 535
1572 0 891 531
1572 1 886 535
1573 0 891 531
1573 1 886 536
1574 0 891 531
1574 1 886 536
1575 0 891 531
1575 1 886 536
1576 0 891 531
1576 1 886 536
1577 0 891 531
1577 1 886 536
1578 0 891 531
1578 1 886 536
1579 0 891 531
1579 1 886 536
1580 0 891 531
1580 1 886 536
1581 0 891 530
1581 1 886 536
1582 0 891 530
1582 1 886 536
1583 0 891 530
1583 1 886 536
1584 0 892 529
1584 1 886 536
1585 0 892 528
1585 1 886 536
1586 0 892 527
1586 1 887 536
1587 0 893 525
1587 1 887 535
1588 0 894 523
1588 1 887 535
1589 0 895 521
1589 1 888 535
1590 0 895 521
1590 1 889 534
1591 0 896 519
1591 1 889 533
1592 0 897 517
1592 1 889 533
1593 0 898 515
1593 1 890 533
1594 0 899 515
1594 1 890 533
1595 0 899 515
1595 1 891 532
1596 0 899 514
1596 1 891 532
1597 0 900 513
1597 1 891 531
1598 0 901 513
1598 1 892 531
1599 0 901 513
1599 1 892 531
1600 0 902 512
1600 1 892 530
1601 0 902 512
1601 1 892 530
1602 0 902 512
1602 1 892 530
1603 0 902 512
1603 1 892 530
1604 0 903 512
1604 1 892 530
1605 0 903 512
1605 1 892 530
1606 0 903 512
1606 1 892 530
1607 0 903 512
1607 1 892 530
1608 0 904 512
1608 1 892 530
1609 0 904 512
1609 1 892 530
1610 0 905 512
1610 1 892 530
1611 0 905 513
1611 1 892 530
1612 0 906 513
1612 1 892 530
1613 0 906 513
1613 1 892 530
1614 0 906 513
1614 1 892 530
1615 0 907 513
1615 1 892 530
1616 0 907 513
1616 1 892 530
1617 0 907 513
1617 1 892 530
1618 0 907 513
1618 1 892 530
1619 0 907 513
1619 1 892 530
1620 0 907 513
1620 1 892 530
1621 0 907 513
1621 1 892 530
1622 0 907 513
1622 1 892 530
1623 0 907 513
1623 1 892 530
1624 0 907 513
1624 1 892 530
1625 0 907 513
1625 1 892 530
1626 0 907 513
1626 1 893 530
1627 0 907 513
1627 1 893 530
1628 0 907 513
1628 1 893 530
1629 0 907 513
1629 1 893 530
1630 0 907 513
1630 1 893 529
1631 0 907 513
1631 1 893 529
1632 0 907 513
1632 1 893 529
1633 0 907 513
1633 1 893 528
1634 0 907 513
1634 1 893 528
1635 0 907 513
1635 1 893 528
1636 0 907 513
1636 1 893 528
1637 0 907 513
1637 1 894 528
1638 0 907 513
1638 1 894 528
1639 0 907 513
1639 1 894 528
1640 0 907 513
1640 1 895 528
1641 0 907 513
1641 1 895 528
1642 0 907 513
1642 1 895 528
1643 0 907 513
1643 1 895 528
1644 0 907 513
1644 1 895 528
1645 0 907 513
1645 1 895 528
1646 0 907 513
1646 1 895 528
1647 0 907 513
1647 1 895 528
1648 0 907 513
1648 1 896 528
1649 0 907 513
1649 1 896 528
1650 0 907 513
1650 1 897 529
1651 0 907 513
1651 1 898 530
1652 0 907 513
1652 1 898 530
1653 0 907 513
1653 1 899 531
1654 0 907 513
1654 1 899 531
1655 0 907 513
1655 1 900 531
1656 0 907 513
1656 1 901 532
1657 0 907 513
1657 1 904 534
1658 0 907 513
1658 1 907 536
1659 0 907 513
1659 1 909 537
1660 0 907 513
1660 1 910 538
1661 0 907 513
1661 1 911 539
1662 0 907 513
1662 1 912 540
1663 0 907 513
1663 1 913 541
1664 0 907 513
1664 1 913 541
1665 0 907 513
1665 1 914 542
1666 0 907 513
1666 1 914 542
1667 0 907 513
1667 1 914 543
1668 0 907 513
1668 1 915 544
1669 0 907 513
1669 1 915 544
1670 0 907 513
1670 1 915 544
1671 0 907 513
1671 1 915 545
1672 0 907 513
1672 1 915 545
1673 0 907 513
1673 1 915 545
1674 0 907 513
1674 1 915 545
1675 0 907 513
1675 1 915 546
1676 0 907 513
1676 1 915 547
1677 0 907 513
1677 1 914 547
1678 0 907 513
1678 1 914 548
1679 0 907 513
1679 1 914 549
1680 0 907 513
1680 1 914 550
1681 0 907 513
1681 1 915 551
1682 0 907 513
1682 1 915 551
1683 0 907 513
1683 1 916 552
1684 0 907 513
1684 1 917 552
1685 0 907 513
1685 1 918 552
1686 0 907 513
1686 1 919 552
1687 0 907 513
1687 1 919 552
1688 0 907 513
1688 1 919 552
1689 0 907 513
1689 1 919 552
1690 0 907 513
1690 1 919 552
1691 0 907 513
1691 1 919 552
1692 0 907 513
1692 1 919 552
1693 0 907 513
1693 1 919 552
1694 0 907 513
1694 1 919 552
1695 0 907 513
1695 1 920 552
1696 0 907 513
1696 1 921 552
1697 0 907 513
1697 1 922 551
1698 0 907 513
1698 1 923 550
1699 0 907 513
1699 1 923 550
1700 0 907 513
1700 1 924 550
1701 0 907 513
1701 1 925 549
1702 0 907 513
1702 1 926 549
1703 0 907 513
1703 1 926 548
1704 0 907 513
1704 1 927 548
1705 0 907 513
1705 1 927 547
1706 0 907 513
1706 1 928 546
1707 0 907 513
1707 1 928 546
1708 0 907 513
1708 1 928 546
1709 0 907 513
1709 1 928 546
1710 0 907 513
1710 1 928 546
1711 0 907 513
1711 1 929 546
1712 0 907 513
1712 1 929 546
1713 0 907 513
1713 1 929 546
1714 0 907 513
1714 1 929 545
1715 0 907 513
1715 1 929 544
1716 0 907 513
1716 1 929 543
1717 0 907 513
1717 1 929 543
1718 0 907 513
1718 1 928 542
1719 0 907 513
1719 1 927 541
1720 0 907 513
1720 1 927 541
1721 0 907 513
1721 1 927 541
1722 0 907 513
1722 1 927 541
1723 0 907 513
1723 1 927 540
1724 0 907 513
1724 1 926 540
1725 0 907 513
1725 1 926 539
1726 0 907 513
1726 1 926 539
1727 0 907 513
1727 1 925 538
1728 0 907 513
1728 1 924 537
1729 0 907 513
1729 1 923 536
1730 0 907 513
1730 1 922 534
1731 0 907 513
1731 1 921 533
1732 0 907 513
1732 1 921 532
1733 0 907 513
1733 1 921 531
1734 0 907 513
1734 1 920 529
1735 0 907 513
1735 1 920 528
1736 0 907 513
1736 1 920 527
1737 0 907 513
1737 1 920 526
1738 0 907 513
1738 1 920 525
1739 0 907 513
1739 1 920 524
1740 0 908 513
1740 1 920 524
1741 0 908 513
1741 1 920 524
1742 0 908 513
1742 1 919 523
1743 0 908 513
1743 1 919 523
1744 0 909 513
1744 1 919 523
1745 0 909 513
1745 1 919 523
1746 0 911 512
1746 1 919 523
1747 0 912 511
1747 1 919 523
1748 0 913 511
1748 1 918 522
1749 0 914 511
1749 1 918 522
1750 0 915 511
1750 1 918 522
1751 0 916 510
1751 1 918 522
1752 0 916 510
1752 1 917 521
1753 0 916 510
1753 1 917 521
1754 0 917 510
1754 1 917 521
1755 0 918 510
1755 1 917 520
1756 0 919 509
1756 1 917 520
1757 0 919 509
1757 1 917 519
1758 0 919 509
1758 1 917 518
1759 0 919 509
1759 1 916 517
1760 0 919 509
1760 1 915 516
1761 0 919 509
1761 1 915 515
1762 0 919 509
1762 1 915 515
1763 0 919 509
1763 1 915 515
1764 0 919 509
1764 1 915 515
1765 0 920 509
1765 1 915 515
1766 0 921 509
1766 1 915 515
1767 0 922 508
1767 1 915 515
1768 0 923 507
1768 1 915 515
1769 0 925 507
1769 1 915 515
1770 0 926 507
1770 1 915 514
1771 0 927 507
1771 1 916 514
1772 0 928 506
1772 1 917 513
1773 0 929 506
1773 1 917 512
1774 0 929 506
1774 1 918 512
1775 0 929 506
1775 1 919 511
1776 0 929 506
1776 1 920 511
1777 0 930 506
1777 1 920 511
1778 0 930 506
1778 1 921 510
1779 0 930 506
1779 1 921 510
1780 0 930 506
1780 1 921 510
1781 0 930 506
1781 1 922 510
1782 0 930 506
1782 1 923 509
1783 0 930 506
1783 1 923 509
1784 0 931 506
1784 1 924 509
1785 0 932 506
1785 1 924 509
1786 0 933 505
1786 1 924 509
1787 0 934 504
1787 1 924 509
1788 0 935 503
1788 1 924 509
1789 0 937 503
1789 1 925 509
1790 0 938 502
1790 1 926 509
1791 0 939 502
1791 1 927 509
1792 0 939 502
1792 1 928 508
1793 0 940 501
1793 1 928 508
1794 0 940 501
1794 1 930 507
1795 0 940 501
1795 1 931 507
1796 0 940 501
1796 1 932 506
1797 0 940 501
1797 1 932 506
1798 0 940 501
1798 1 933 505
1799 0 941 501
1799 1 933 505
1800 0 942 500
1800 1 934 504
1801 0 943 500
1801 1 934 504
1802 0 943 500
1802 1 935 504
1803 0 944 499
1803 1 935 503
1804 0 946 497
1804 1 935 503
1805 0 947 497
1805 1 936 503
1806 0 949 496
1806 1 937 503
1807 0 950 495
1807 1 937 502
1808 0 950 495
1808 1 938 502
1809 0 950 495
1809 1 939 501
1810 0 950 495
1810 1 941 500
1811 0 951 494
1811 1 942 500
1812 0 951 494
1812 1 943 499
1813 0 951 494
1813 1 944 499
1814 0 951 494
1814 1 944 499
1815 0 952 493
1815 1 944 499
1816 0 952 493
1816 1 945 499
1817 0 953 492
1817 1 945 499
1818 0 954 491
1818 1 945 499
1819 0 955 490
1819 1 945 499
1820 0 956 489
1820 1 946 498
1821 0 957 488
1821 1 946 498
1822 0 958 486
1822 1 947 498
1823 0 959 485
1823 1 948 497
1824 0 959 485
1824 1 949 496
1825 0 960 484
1825 1 950 496
1826 0 960 484
1826 1 951 495
1827 0 960 484
1827 1 951 495
1828 0 960 484
1828 1 952 495
1829 0 960 484
1829 1 952 495
1830 0 960 484
1830 1 952 495
1831 0 960 484
1831 1 952 495
1832 0 960 484
1832 1 953 495
1833 0 960 484
1833 1 953 495
1834 0 960 484
1834 1 954 494
1835 0 960 483
1835 1 955 494
1836 0 960 483
1836 1 956 493
1837 0 961 483
1837 1 957 492
1838 0 961 483
1838 1 958 492
1839 0 961 482
1839 1 958 492
1840 0 961 482
1840 1 958 492
1841 0 961 482
1841 1 958 492
1842 0 961 482
1842 1 958 492
1843 0 961 482
1843 1 958 491
1844 0 961 481
1844 1 958 491
1845 0 961 481
1845 1 958 491
1846 0 962 480
1846 1 959 491
1847 0 963 479
1847 1 959 490
1848 0 964 478
1848 1 960 489
1849 0 965 477
1849 1 960 489
1850 0 966 476
1850 1 960 488
1851 0 966 475
1851 1 961 487
1852 0 967 474
1852 1 961 486
1853 0 968 473
1853 1 962 485
1854 0 969 472
1854 1 963 484
1855 0 969 472
1855 1 963 483
1856 0 970 471
1856 1 964 482
1857 0 970 471
1857 1 964 482
1858 0 970 471
1858 1 964 482
1859 0 970 471
1859 1 964 482
1860 0 970 470
1860 1 965 481
1861 0 971 470
1861 1 965 480
1862 0 971 469
1862 1 966 479
1863 0 971 469
1863 1 966 478
1864 0 972 468
1864 1 967 477
1865 0 972 468
1865 1 968 476
1866 0 970 469
1866 1 969 475
1867 0 970 469
1867 1 969 474
1868 0 970 470
1868 1 969 474
1869 0 970 470
1869 1 969 474
1870 0 970 470
1870 1 969 474
1871 0 970 470
1871 1 969 474
1872 0 977 458
1872 1 969 474
1873 0 977 458
1873 1 969 474
1874 0 976 456
1874 1 969 474
1875 0 975 454
1875 1 970 473
1876 0 975 452
1876 1 970 473
1877 0 974 451
1877 1 972 472
1878 0 973 450
1878 1 973 471
1879 0 973 450
1879 1 973 471
1880 0 973 449
1880 1 974 470
1881 0 973 449
1881 1 976 469
1882 0 973 448
1882 1 976 469
1883 0 973 448
1883 1 978 468
1884 0 973 447
1884 1 978 467
1885 0 973 447
1885 1 979 467
1886 0 973 447
1886 1 979 467
1887 0 973 447
1887 1 980 466
1888 0 973 447
1888 1 980 466
1889 0 973 447
1889 1 980 465
1890 0 973 447
1890 1 980 465
1891 0 973 447
1891 1 980 465
1892 0 973 447
1892 1 980 465
1893 0 973 447
1893 1 980 464
1894 0 973 447
1894 1 981 464
1895 0 973 447
1895 1 981 464
1896 0 973 447
1896 1 981 464
1897 0 973 447
1897 1 981 464
1898 0 973 447
1898 1 981 464
1899 0 973 447
1899 1 981 464
1900 0 973 447
1900 1 981 463
1901 0 973 447
1901 1 981 463
1902 0 973 447
1902 1 980 462
1903 0 972 446
1903 1 980 462
1904 0 972 446
1904 1 979 461
1905 0 972 446
1905 1 979 461
1906 0 972 445
1906 1 978 460
1907 0 972 444
1907 1 977 459
1908 0 972 444
1908 1 976 459
1909 0 972 444
1909 1 976 459
1910 0 973 444
1910 1 975 458
1911 0 974 444
1911 1 975 458
1912 0 977 444
1912 1 974 458
1913 0 979 444
1913 1 973 457
1914 0 980 444
1914 1 973 457
1915 0 982 444
1915 1 973 457
1916 0 983 444
1916 1 973 457
1917 0 984 444
1917 1 973 457
1918 0 985 444
1918 1 972 456
1919 0 985 445
1919 1 972 456
1920 0 986 445
1920 1 972 456
1921 0 987 446
1921 1 972 456
1922 0 988 446
1922 1 971 455
1923 0 989 447
1923 1 971 454
1924 0 989 447
1924 1 971 453
1925 0 989 447
1925 1 971 452
1926 0 989 448
1926 1 971 452
1927 0 989 448
1927 1 972 452
1928 0 989 449
1928 1 972 452
1929 0 990 449
1929 1 972 452
1930 0 990 450
1930 1 972 451
1931 0 991 451
1931 1 973 450
1932 0 992 452
1932 1 973 450
1933 0 993 454
1933 1 973 449
1934 0 993 455
1934 1 973 449
1935 0 993 456
1935 1 974 448
1936 0 993 457
1936 1 974 447
1937 0 993 457
1937 1 975 447
1938 0 993 458
1938 1 976 446
1939 0 993 458
1939 1 977 445
1940 0 993 458
1940 1 978 443
1941 0 993 459
1941 1 979 443
1942 0 993 459
1942 1 980 442
1943 0 993 459
1943 1 981 442
1944 0 993 459
1944 1 981 441
1945 0 993 459
1945 1 981 441
1946 0 993 459
1946 1 981 441
1947 0 993 459
1947 1 982 441
1948 0 993 459
1948 1 982 440
1949 0 993 459
1949 1 982 440
1950 0 994 459
1950 1 982 440
1951 0 994 459
1951 1 983 440
1952 0 994 459
1952 1 983 440
1953 0 994 459
1953 1 983 440
1954 0 994 459
1954 1 983 440
1955 0 994 459
1955 1 984 440
1956 0 994 459
1956 1 984 440
1957 0 994 459
1957 1 984 440
1958 0 994 459
1958 1 984 440
1959 0 994 459
1959 1 985 440
1960 0 994 459
1960 1 985 440
1961 0 994 459
1961 1 985 440
1962 0 995 458
1962 1 985 440
1963 0 995 458
1963 1 985 440
1964 0 995 458
1964 1 985 440
1965 0 996 458
1965 1 985 440
1966 0 996 457
1966 1 985 440
1967 0 996 457
1967 1 985 441
1968 0 996 456
1968 1 985 441
1969 0 996 456
1969 1 985 441
1970 0 996 456
1970 1 985 441
1971 0 997 456
1971 1 985 441
1972 0 997 455
1972 1 985 441
1973 0 997 455
1973 1 985 441
1974 0 997 455
1974 1 985 441
1975 0 998 454
1975 1 985 441
1976 0 998 454
1976 1 985 441
1977 0 998 454
1977 1 985 440
1978 0 998 454
1978 1 986 440
1979 0 998 453
1979 1 986 440
1980 0 998 453
1980 1 986 439
1981 0 998 453
1981 1 986 439
1982 0 998 453
1982 1 986 439
1983 0 998 453
1983 1 986 439
1984 0 998 452
1984 1 986 439
1985 0 998 452
1985 1 986 438
1986 0 998 452
1986 1 986 438
1987 0 998 452
1987 1 987 438
1988 0 998 452
1988 1 987 438
1989 0 998 452
1989 1 987 438
1990 0 998 452
1990 1 987 438
1991 0 998 452
1991 1 987 438
1992 0 998 452
1992 1 988 438
1993 0 998 452
1993 1 989 438
1994 0 998 452
1994 1 989 438
1995 0 998 452
1995 1 989 438
1996 0 998 452
1996 1 989 438
1997 0 998 451
1997 1 989 438
1998 0 998 451
1998 1 989 438
1999 0 998 450
1999 1 989 438
2000 0 998 449
2000 1 989 438
2001 0 999 448
2001 1 989 438
2002 0 999 448
2002 1 989 438
2003 0 999 448
2003 1 989 438
2004 0 999 447
2004 1 989 438
2005 0 999 447
2005 1 989 438
2006 0 999 447
2006 1 989 438
2007 0 999 447
2007 1 989 438
2008 0 999 446
2008 1 989 439
2009 0 1000 445
2009 1 989 440
2010 0 1000 445
2010 1 989 440
2011 0 1000 445
2011 1 989 441
2012 0 1000 445
2012 1 989 441
2013 0 1000 445
2013 1 989 442
2014 0 1000 445
2014 1 990 443
2015 0 1000 444
2015 1 990 444
2016 0 1000 444
2016 1 991 445
2017 0 1000 444
2017 1 991 446
2018 0 1000 444
2018 1 992 446
2019 0 1000 444
2019 1 993 446
2020 0 1000 444
2020 1 994 447
2021 0 1000 444
2021 1 995 447
2022 0 1000 444
2022 1 995 447
2023 0 1000 444
2023 1 996 448
2024 0 1001 443
2024 1 996 448
2025 0 1001 443
2025 1 996 448
2026 0 1001 443
2026 1 996 448
2027 0 1001 443
2027 1 996 448
2028 0 1001 443
2028 1 996 448
2029 0 1001 443
2029 1 996 448
2030 0 1000 443
2030 1 996 449
2031 0 999 443
2031 1 996 449
2032 0 998 442
2032 1 997 449
2033 0 998 441
2033 1 997 449
2034 0 1004 430
2034 1 997 449
2035 0 1004 430
2035 1 997 449
2036 0 1005 429
2036 1 997 449
2037 0 1005 429
2037 1 997 448
2038 0 1005 428
2038 1 997 447
2039 0 1006 427
2039 1 998 446
2040 0 1006 426
2040 1 998 444
2041 0 1006 426
2041 1 998 443
2042 0 1006 426
2042 1 998 442
2043 0 1006 426
2043 1 998 442
2044 0 1006 425
2044 1 999 440
2045 0 1006 425
2045 1 999 439
2046 0 1006 425
2046 1 999 439
2047 0 1006 425
2047 1 999 438
