FRAME   ID  X   Y (0 is Leader, 1 is Follower)
1 0 89 76
1 1 95 96
2 0 88 76
2 1 95 96
3 0 87 76
3 1 95 96
4 0 86 76
4 1 95 96
5 0 86 76
5 1 95 96
6 0 85 76
6 1 95 96
7 0 83 77
7 1 95 96
8 0 82 77
8 1 95 96
9 0 82 77
9 1 95 96
10 0 82 77
10 1 95 96
11 0 82 77
11 1 95 96
12 0 82 77
12 1 95 96
13 0 82 77
13 1 95 96
14 0 83 77
14 1 95 96
15 0 83 77
15 1 95 96
16 0 83 77
16 1 95 96
17 0 83 77
17 1 95 96
18 0 83 77
18 1 95 96
19 0 83 77
19 1 95 96
20 0 83 77
20 1 95 96
21 0 83 77
21 1 95 96
22 0 83 77
22 1 95 96
23 0 83 77
23 1 95 96
24 0 83 77
24 1 95 96
25 0 83 77
25 1 95 96
26 0 84 77
26 1 95 96
27 0 84 77
27 1 95 96
28 0 84 78
28 1 95 96
29 0 84 79
29 1 95 96
30 0 84 79
30 1 95 96
31 0 84 79
31 1 95 96
32 0 84 79
32 1 95 96
33 0 84 79
33 1 95 96
34 0 85 79
34 1 95 96
35 0 85 79
35 1 95 96
36 0 85 79
36 1 95 96
37 0 85 78
37 1 95 96
38 0 85 78
38 1 95 96
39 0 85 78
39 1 95 96
40 0 85 78
40 1 95 96
41 0 85 78
41 1 95 97
42 0 85 78
42 1 95 97
43 0 85 78
43 1 95 98
44 0 86 78
44 1 95 99
45 0 86 79
45 1 95 101
46 0 87 79
46 1 95 103
47 0 87 79
47 1 95 104
48 0 87 79
48 1 95 104
49 0 87 79
49 1 95 105
50 0 87 79
50 1 95 106
51 0 88 80
51 1 95 106
52 0 89 81
52 1 95 106
53 0 90 82
53 1 95 106
54 0 90 82
54 1 95 106
55 0 91 83
55 1 95 106
56 0 92 84
56 1 96 107
57 0 92 85
57 1 96 107
58 0 92 85
58 1 97 108
59 0 92 86
59 1 97 108
60 0 92 86
60 1 97 108
61 0 93 87
61 1 98 108
62 0 93 87
62 1 99 108
63 0 93 87
63 1 99 108
64 0 93 88
64 1 100 108
65 0 93 89
65 1 101 108
66 0 93 89
66 1 101 108
67 0 92 90
67 1 102 108
68 0 92 90
68 1 103 108
69 0 92 91
69 1 103 108
70 0 92 92
70 1 104 108
71 0 91 92
71 1 105 108
72 0 91 92
72 1 105 108
73 0 91 93
73 1 106 108
74 0 90 94
74 1 107 108
75 0 90 95
75 1 109 108
76 0 90 96
76 1 110 109
77 0 90 96
77 1 111 109
78 0 90 96
78 1 111 109
79 0 90 96
79 1 112 109
80 0 90 97
80 1 112 109
81 0 90 98
81 1 112 109
82 0 91 99
82 1 112 109
83 0 91 99
83 1 113 109
84 0 91 99
84 1 113 109
85 0 91 99
85 1 113 109
86 0 91 99
86 1 113 109
87 0 91 99
87 1 113 109
88 0 91 99
88 1 113 109
89 0 91 99
89 1 113 109
90 0 91 99
90 1 113 109
91 0 91 99
91 1 113 109
92 0 91 99
92 1 113 109
93 0 92 99
93 1 113 109
94 0 92 99
94 1 113 109
95 0 92 99
95 1 113 109
96 0 92 99
96 1 113 109
97 0 92 100
97 1 114 110
98 0 93 100
98 1 115 110
99 0 93 101
99 1 117 109
100 0 95 101
100 1 118 109
101 0 96 101
101 1 119 109
102 0 96 101
102 1 119 109
103 0 98 102
103 1 119 109
104 0 99 102
104 1 120 109
105 0 100 103
105 1 120 109
106 0 101 103
106 1 122 109
107 0 101 103
107 1 122 109
108 0 101 103
108 1 122 109
109 0 102 103
109 1 122 109
110 0 102 104
110 1 122 109
111 0 102 104
111 1 122 109
112 0 102 104
112 1 123 109
113 0 102 104
113 1 124 109
114 0 102 104
114 1 124 109
115 0 102 104
115 1 125 110
116 0 103 105
116 1 126 111
117 0 103 105
117 1 127 111
118 0 104 105
118 1 128 112
119 0 105 105
119 1 129 113
120 0 105 105
120 1 129 113
121 0 106 105
121 1 131 114
122 0 108 105
122 1 132 114
123 0 110 105
123 1 133 115
124 0 111 105
124 1 133 115
125 0 113 105
125 1 133 115
126 0 114 105
126 1 133 115
127 0 114 105
127 1 133 115
128 0 114 105
128 1 134 115
129 0 114 105
129 1 135 115
130 0 114 105
130 1 136 114
131 0 115 105
131 1 138 114
132 0 115 105
132 1 138 114
133 0 116 105
133 1 139 114
134 0 118 106
134 1 142 113
135 0 119 106
135 1 143 113
136 0 121 106
136 1 145 112
137 0 122 107
137 1 146 112
138 0 122 107
138 1 146 112
139 0 123 108
139 1 147 112
140 0 125 109
140 1 148 112
141 0 125 110
141 1 149 112
142 0 126 110
142 1 150 111
143 0 126 110
143 1 150 111
144 0 126 110
144 1 150 111
145 0 126 111
145 1 151 110
146 0 126 111
146 1 151 110
147 0 126 112
147 1 151 110
148 0 126 112
148 1 151 110
149 0 127 113
149 1 151 110
150 0 127 113
150 1 151 110
151 0 127 113
151 1 151 110
152 0 127 113
152 1 151 110
153 0 126 113
153 1 151 110
154 0 126 113
154 1 151 110
155 0 126 112
155 1 151 110
156 0 126 112
156 1 151 110
157 0 126 112
157 1 151 110
158 0 126 112
158 1 151 110
159 0 126 112
159 1 151 110
160 0 126 112
160 1 151 110
161 0 126 112
161 1 151 110
162 0 126 112
162 1 151 110
163 0 126 112
163 1 151 110
164 0 126 113
164 1 151 110
165 0 126 113
165 1 151 110
166 0 126 113
166 1 151 110
167 0 126 114
167 1 151 110
168 0 126 114
168 1 151 110
169 0 126 114
169 1 151 110
170 0 126 114
170 1 151 110
171 0 127 115
171 1 151 110
172 0 127 115
172 1 151 110
173 0 128 115
173 1 151 110
174 0 128 115
174 1 151 110
175 0 128 115
175 1 151 110
176 0 128 115
176 1 151 110
177 0 128 115
177 1 151 110
178 0 128 115
178 1 151 110
179 0 129 115
179 1 151 110
180 0 129 115
180 1 151 110
181 0 129 115
181 1 151 110
182 0 130 113
182 1 151 110
183 0 131 111
183 1 151 110
184 0 132 110
184 1 151 110
185 0 133 109
185 1 151 110
186 0 133 109
186 1 151 110
187 0 133 108
187 1 151 110
188 0 134 108
188 1 151 110
189 0 134 107
189 1 151 110
190 0 134 107
190 1 151 110
191 0 134 107
191 1 151 110
192 0 134 107
192 1 151 110
193 0 134 107
193 1 151 110
194 0 134 107
194 1 152 110
195 0 134 107
195 1 152 110
196 0 134 107
196 1 153 109
197 0 135 106
197 1 154 108
198 0 135 106
198 1 154 108
199 0 135 106
199 1 154 108
200 0 136 106
200 1 155 107
201 0 137 106
201 1 156 106
202 0 138 106
202 1 157 104
203 0 139 107
203 1 158 103
204 0 139 107
204 1 158 103
205 0 140 108
205 1 159 101
206 0 141 108
206 1 159 101
207 0 142 108
207 1 159 101
208 0 143 108
208 1 159 101
209 0 144 108
209 1 159 101
210 0 144 108
210 1 159 101
211 0 145 108
211 1 160 100
212 0 146 108
212 1 161 99
213 0 146 108
213 1 161 99
214 0 147 107
214 1 162 97
215 0 149 107
215 1 163 96
216 0 149 107
216 1 163 96
217 0 149 106
217 1 164 95
218 0 149 105
218 1 164 94
219 0 150 104
219 1 164 93
220 0 151 102
220 1 164 93
221 0 152 101
221 1 165 92
222 0 152 101
222 1 165 91
223 0 152 101
223 1 165 91
224 0 152 100
224 1 166 90
225 0 153 100
225 1 166 89
226 0 153 99
226 1 167 87
227 0 153 99
227 1 168 86
228 0 154 97
228 1 168 84
229 0 154 97
229 1 168 84
230 0 155 97
230 1 168 83
231 0 156 96
231 1 168 83
232 0 158 95
232 1 168 83
233 0 158 94
233 1 168 83
234 0 159 94
234 1 168 82
235 0 159 94
235 1 168 82
236 0 161 93
236 1 168 82
237 0 162 92
237 1 168 82
238 0 163 92
238 1 168 82
239 0 164 91
239 1 168 82
240 0 165 90
240 1 168 82
241 0 165 90
241 1 168 82
242 0 165 90
242 1 169 81
243 0 165 89
243 1 170 80
244 0 165 89
244 1 170 80
245 0 165 89
245 1 170 80
246 0 165 89
246 1 169 80
247 0 165 89
247 1 169 80
248 0 165 88
248 1 169 79
249 0 166 87
249 1 169 79
250 0 166 86
250 1 169 78
251 0 166 85
251 1 170 77
252 0 167 84
252 1 170 76
253 0 167 84
253 1 170 76
254 0 167 83
254 1 170 74
255 0 167 81
255 1 171 74
256 0 168 80
256 1 171 72
257 0 168 78
257 1 172 71
258 0 168 77
258 1 173 69
259 0 168 77
259 1 173 69
260 0 169 77
260 1 174 68
261 0 169 77
261 1 174 68
262 0 169 76
262 1 174 69
263 0 169 76
263 1 174 69
264 0 170 76
264 1 176 69
265 0 170 76
265 1 176 69
266 0 171 75
266 1 177 69
267 0 172 75
267 1 178 69
268 0 173 74
268 1 179 68
269 0 174 74
269 1 180 67
270 0 175 73
270 1 181 66
271 0 175 73
271 1 181 66
272 0 176 72
272 1 181 66
273 0 176 72
273 1 182 65
274 0 177 71
274 1 182 64
275 0 177 71
275 1 182 64
276 0 177 71
276 1 181 63
277 0 177 71
277 1 181 63
278 0 178 70
278 1 181 63
279 0 179 68
279 1 180 61
280 0 179 68
280 1 180 61
281 0 179 68
281 1 180 61
282 0 179 67
282 1 179 61
283 0 179 67
283 1 179 61
284 0 179 67
284 1 178 60
285 0 179 67
285 1 177 59
286 0 178 66
286 1 177 59
287 0 178 65
287 1 177 58
288 0 177 64
288 1 177 57
289 0 177 63
289 1 177 57
290 0 177 63
290 1 177 55
291 0 177 62
291 1 177 55
292 0 177 60
292 1 177 53
293 0 177 60
293 1 177 52
294 0 176 59
294 1 178 51
295 0 176 59
295 1 178 51
296 0 176 58
296 1 178 50
297 0 176 58
297 1 179 50
298 0 176 58
298 1 179 50
299 0 176 58
299 1 179 50
300 0 176 58
300 1 180 51
301 0 176 58
301 1 180 51
302 0 176 58
302 1 181 51
303 0 176 58
303 1 182 51
304 0 176 57
304 1 183 51
305 0 177 57
305 1 184 51
306 0 177 57
306 1 185 51
307 0 177 57
307 1 185 51
308 0 177 57
308 1 185 52
309 0 177 57
309 1 186 52
310 0 177 57
310 1 186 52
311 0 177 57
311 1 185 52
312 0 177 57
312 1 185 52
313 0 177 57
313 1 185 52
314 0 177 57
314 1 184 52
315 0 177 58
315 1 183 52
316 0 177 57
316 1 183 51
317 0 177 57
317 1 182 51
318 0 178 57
318 1 182 50
319 0 178 57
319 1 182 50
320 0 178 57
320 1 181 49
321 0 178 57
321 1 180 49
322 0 178 56
322 1 179 48
323 0 178 56
323 1 179 48
324 0 178 55
324 1 178 48
325 0 178 55
325 1 178 48
326 0 178 54
326 1 177 49
327 0 179 54
327 1 177 49
328 0 178 54
328 1 177 49
329 0 179 54
329 1 177 49
330 0 179 54
330 1 177 50
331 0 179 54
331 1 177 50
332 0 178 54
332 1 177 50
333 0 178 54
333 1 177 50
334 0 178 54
334 1 176 50
335 0 178 54
335 1 176 50
336 0 177 54
336 1 176 50
337 0 177 54
337 1 176 50
338 0 177 54
338 1 176 50
339 0 177 54
339 1 176 50
340 0 176 54
340 1 175 50
341 0 176 54
341 1 175 50
342 0 176 54
342 1 175 51
343 0 176 54
343 1 175 51
344 0 175 54
344 1 174 51
345 0 175 55
345 1 174 51
346 0 174 55
346 1 173 51
347 0 173 55
347 1 172 51
348 0 172 55
348 1 172 51
349 0 172 55
349 1 172 51
350 0 172 55
350 1 172 51
351 0 171 54
351 1 172 51
352 0 169 53
352 1 172 51
353 0 168 52
353 1 172 51
354 0 168 51
354 1 172 50
355 0 168 51
355 1 172 50
356 0 168 49
356 1 172 48
357 0 167 48
357 1 172 47
358 0 167 47
358 1 172 46
359 0 167 47
359 1 172 46
360 0 168 46
360 1 173 45
361 0 168 46
361 1 173 45
362 0 168 45
362 1 173 45
363 0 169 44
363 1 174 45
364 0 169 44
364 1 174 45
365 0 169 44
365 1 174 45
366 0 170 44
366 1 175 45
367 0 170 44
367 1 175 45
368 0 170 44
368 1 175 45
369 0 171 44
369 1 176 45
370 0 171 44
370 1 176 45
371 0 171 44
371 1 176 45
372 0 171 44
372 1 176 45
373 0 171 44
373 1 176 45
374 0 171 44
374 1 176 45
375 0 172 44
375 1 176 45
376 0 172 44
376 1 177 45
377 0 173 44
377 1 177 45
378 0 173 43
378 1 177 45
379 0 173 43
379 1 177 45
380 0 173 43
380 1 177 45
381 0 173 43
381 1 177 45
382 0 173 43
382 1 177 44
383 0 173 42
383 1 177 44
384 0 173 42
384 1 177 44
385 0 173 42
385 1 177 44
386 0 173 42
386 1 177 44
387 0 173 42
387 1 177 44
388 0 173 42
388 1 177 44
389 0 173 42
389 1 177 44
390 0 173 42
390 1 177 44
391 0 173 42
391 1 177 44
392 0 173 42
392 1 177 44
393 0 172 42
393 1 176 44
394 0 172 41
394 1 176 43
395 0 171 41
395 1 175 43
396 0 170 40
396 1 175 43
397 0 170 40
397 1 175 43
398 0 170 40
398 1 174 42
399 0 169 39
399 1 174 42
400 0 169 40
400 1 173 42
401 0 169 40
401 1 173 42
402 0 169 40
402 1 173 42
403 0 169 40
403 1 173 42
404 0 168 39
404 1 173 42
405 0 168 39
405 1 172 41
406 0 168 38
406 1 172 41
407 0 168 38
407 1 172 40
408 0 168 38
408 1 172 40
409 0 168 38
409 1 172 40
410 0 168 38
410 1 172 40
411 0 168 37
411 1 172 39
412 0 168 37
412 1 172 39
413 0 168 37
413 1 173 39
414 0 169 37
414 1 173 39
415 0 169 37
415 1 173 39
416 0 170 37
416 1 173 39
417 0 170 37
417 1 174 39
418 0 170 37
418 1 174 39
419 0 170 37
419 1 174 39
420 0 170 37
420 1 174 39
421 0 170 37
421 1 174 39
422 0 170 37
422 1 174 39
423 0 171 37
423 1 174 39
424 0 171 38
424 1 175 40
425 0 171 39
425 1 175 41
426 0 172 40
426 1 176 42
427 0 172 40
427 1 176 42
428 0 172 40
428 1 176 42
429 0 173 41
429 1 177 43
430 0 173 41
430 1 177 43
431 0 174 42
431 1 177 43
432 0 174 42
432 1 178 44
433 0 175 43
433 1 179 44
434 0 182 46
434 1 182 46
435 0 182 46
435 1 182 46
436 0 182 46
436 1 182 46
437 0 183 46
437 1 183 46
438 0 183 46
438 1 183 46
439 0 183 46
439 1 183 46
440 0 183 46
440 1 183 46
441 0 183 46
441 1 183 46
442 0 183 46
442 1 183 46
443 0 183 47
443 1 183 47
444 0 184 48
444 1 184 48
445 0 184 48
445 1 184 48
446 0 185 49
446 1 185 49
447 0 186 50
447 1 186 50
448 0 186 50
448 1 186 50
449 0 186 51
449 1 186 51
450 0 186 52
450 1 186 52
451 0 186 52
451 1 186 52
452 0 186 53
452 1 186 53
453 0 185 54
453 1 185 54
454 0 184 52
454 1 184 52
455 0 184 53
455 1 184 53
456 0 184 53
456 1 184 53
457 0 184 53
457 1 184 53
458 0 184 55
458 1 184 55
459 0 184 56
459 1 184 56
460 0 184 57
460 1 184 57
461 0 183 58
461 1 183 58
462 0 183 58
462 1 183 58
463 0 183 58
463 1 183 58
464 0 183 59
464 1 183 59
465 0 183 59
465 1 183 59
466 0 183 60
466 1 183 60
467 0 183 61
467 1 183 61
468 0 183 61
468 1 183 61
469 0 183 61
469 1 183 61
470 0 183 61
470 1 183 61
471 0 183 61
471 1 183 61
472 0 183 61
472 1 183 61
473 0 183 61
473 1 183 61
474 0 183 61
474 1 183 61
475 0 183 61
475 1 183 61
476 0 183 62
476 1 183 62
477 0 183 62
477 1 183 62
478 0 183 62
478 1 183 62
479 0 183 62
479 1 183 62
480 0 183 62
480 1 183 62
481 0 183 62
481 1 183 62
482 0 182 63
482 1 182 63
483 0 182 63
483 1 182 63
484 0 182 63
484 1 182 63
485 0 182 63
485 1 182 63
486 0 182 63
486 1 182 63
487 0 182 63
487 1 182 63
488 0 182 63
488 1 182 63
489 0 182 62
489 1 182 62
490 0 182 62
490 1 182 62
491 0 182 62
491 1 182 62
492 0 182 62
492 1 182 62
493 0 182 62
493 1 182 62
494 0 182 62
494 1 182 62
495 0 182 61
495 1 182 61
496 0 182 61
496 1 182 61
497 0 181 61
497 1 181 61
498 0 181 61
498 1 181 61
499 0 181 61
499 1 181 61
500 0 181 61
500 1 181 61
501 0 180 62
501 1 180 62
502 0 180 62
502 1 180 62
503 0 180 62
503 1 180 62
504 0 180 62
504 1 180 62
505 0 183 65
505 1 183 65
506 0 183 65
506 1 183 65
507 0 183 64
507 1 183 64
508 0 183 64
508 1 183 64
509 0 185 65
509 1 185 65
510 0 185 64
510 1 185 64
511 0 185 64
511 1 185 64
512 0 185 64
512 1 185 64
513 0 186 63
513 1 186 63
514 0 187 62
514 1 187 62
515 0 188 61
515 1 188 61
516 0 188 60
516 1 188 60
517 0 188 60
517 1 188 60
518 0 189 59
518 1 189 59
519 0 190 57
519 1 190 57
520 0 191 56
520 1 191 56
521 0 191 56
521 1 191 56
522 0 192 56
522 1 192 56
523 0 192 55
523 1 192 55
524 0 192 55
524 1 192 55
525 0 191 55
525 1 191 55
526 0 191 55
526 1 191 55
527 0 191 55
527 1 191 55
528 0 191 55
528 1 191 55
529 0 191 55
529 1 191 55
530 0 191 55
530 1 191 55
531 0 191 55
531 1 191 55
532 0 191 55
532 1 191 55
533 0 191 54
533 1 191 54
534 0 191 54
534 1 191 54
535 0 191 54
535 1 191 54
536 0 191 54
536 1 191 54
537 0 191 54
537 1 191 54
538 0 191 54
538 1 191 54
539 0 191 54
539 1 191 54
540 0 191 54
540 1 191 54
541 0 191 54
541 1 191 54
542 0 191 53
542 1 191 53
543 0 190 53
543 1 190 53
544 0 189 53
544 1 189 53
545 0 188 53
545 1 188 53
546 0 187 53
546 1 187 53
547 0 187 53
547 1 187 53
548 0 186 53
548 1 186 53
549 0 185 53
549 1 185 53
550 0 184 52
550 1 184 52
551 0 182 51
551 1 182 51
552 0 181 51
552 1 181 51
553 0 181 51
553 1 181 51
554 0 180 51
554 1 180 51
555 0 179 51
555 1 179 51
556 0 178 49
556 1 178 49
557 0 176 47
557 1 176 47
558 0 176 46
558 1 176 46
559 0 176 46
559 1 176 46
560 0 175 45
560 1 175 45
561 0 175 44
561 1 175 44
562 0 175 43
562 1 175 43
563 0 174 42
563 1 174 42
564 0 174 42
564 1 174 42
565 0 174 42
565 1 174 42
566 0 174 41
566 1 174 41
567 0 174 41
567 1 174 41
568 0 174 41
568 1 174 41
569 0 174 42
569 1 174 42
570 0 174 42
570 1 174 42
571 0 174 42
571 1 174 42
572 0 174 42
572 1 174 42
573 0 174 41
573 1 174 41
574 0 175 41
574 1 175 41
